4 0.30408653846153844 0.1346153846153846 0.16947115384615385 0.026442307692307692
4 0.7776442307692307 0.17668269230769232 0.2091346153846154 0.03365384615384615
4 0.35336538461538464 0.1875 0.10576923076923077 0.027644230769230768
4 0.5420673076923077 0.21634615384615385 0.11057692307692307 0.03125
4 0.43149038461538464 0.02403846153846154 0.0985576923076923 0.04567307692307692
4 0.3245192307692308 0.24158653846153846 0.16466346153846154 0.03125
4 0.7223557692307693 0.29086538461538464 0.14302884615384615 0.042067307692307696
4 0.2800480769230769 0.31850961538461536 0.16947115384615385 0.06129807692307692
4 0.7884615384615384 0.3605769230769231 0.2536057692307692 0.05048076923076923
4 0.5120192307692307 0.3798076923076923 0.18990384615384615 0.02403846153846154
4 0.7307692307692307 0.038461538461538464 0.13701923076923078 0.07451923076923077
4 0.7259615384615384 0.46153846153846156 0.12740384615384615 0.04807692307692308
4 0.23798076923076922 0.4963942307692308 0.13221153846153846 0.051682692307692304
4 0.5276442307692307 0.5108173076923077 0.20673076923076922 0.042067307692307696
4 0.7487980769230769 0.5288461538461539 0.17427884615384615 0.04567307692307692
4 0.3401442307692308 0.5685096153846154 0.171875 0.040865384615384616
4 0.7223557692307693 0.5817307692307693 0.28365384615384615 0.040865384615384616
4 0.7475961538461539 0.6286057692307693 0.19471153846153846 0.027644230769230768
4 0.5204326923076923 0.7548076923076923 0.2764423076923077 0.07932692307692307
4 0.4266826923076923 0.9026442307692307 0.46274038461538464 0.16826923076923078
4 0.36658653846153844 0.09134615384615384 0.10817307692307693 0.03245192307692308
4 0.7367788461538461 0.11778846153846154 0.1502403846153846 0.042067307692307696