4 0.5721153846153846 0.6081730769230769 0.3557692307692308 0.14783653846153846
4 0.14783653846153846 0.06370192307692307 0.08774038461538461 0.08413461538461539
4 0.453125 0.7151442307692307 0.06971153846153846 0.036057692307692304
4 0.7151442307692307 0.7259615384615384 0.14423076923076922 0.06610576923076923
4 0.3016826923076923 0.7620192307692307 0.11658653846153846 0.09735576923076923
4 0.6346153846153846 0.8401442307692307 0.3737980769230769 0.14182692307692307
4 0.6478365384615384 0.9579326923076923 0.5036057692307693 0.04807692307692308
4 0.4987980769230769 0.15384615384615385 0.31971153846153844 0.17307692307692307
4 0.5336538461538461 0.015625 0.109375 0.027644230769230768
4 0.17908653846153846 0.23317307692307693 0.07932692307692307 0.16105769230769232
4 0.33413461538461536 0.30288461538461536 0.140625 0.10336538461538461
4 0.5961538461538461 0.32091346153846156 0.14423076923076922 0.14543269230769232
4 0.2439903846153846 0.3870192307692308 0.11177884615384616 0.09014423076923077
4 0.4206730769230769 0.4567307692307692 0.17427884615384615 0.15625
4 0.6862980769230769 0.46153846153846156 0.11538461538461539 0.09495192307692307