3 0.9423076923076923 0.051682692307692304 0.03485576923076923 0.03245192307692308
3 0.6165865384615384 0.4891826923076923 0.484375 0.08173076923076923
3 0.6730769230769231 0.5721153846153846 0.4254807692307692 0.04567307692307692
3 0.6514423076923077 0.6598557692307693 0.203125 0.09254807692307693
3 0.7283653846153846 0.7379807692307693 0.18028846153846154 0.014423076923076924
3 0.16105769230769232 0.7632211538461539 0.0673076923076923 0.46875
3 0.2692307692307692 0.8028846153846154 0.07692307692307693 0.3894230769230769
3 0.38100961538461536 0.8533653846153846 0.08413461538461539 0.28846153846153844
3 0.4879807692307692 0.8894230769230769 0.06370192307692307 0.21995192307692307
3 0.07091346153846154 0.8930288461538461 0.05048076923076923 0.21153846153846154
3 0.9483173076923077 0.10336538461538461 0.030048076923076924 0.04447115384615385
3 0.5793269230769231 0.16105769230769232 0.6466346153846154 0.2956730769230769
3 0.5721153846153846 0.38341346153846156 0.5805288461538461 0.11177884615384616