2 0.5949519230769231 0.4362980769230769 0.23798076923076922 0.042067307692307696
2 0.6538461538461539 0.48197115384615385 0.09014423076923077 0.028846153846153848
2 0.5144230769230769 0.49038461538461536 0.12740384615384615 0.04447115384615385
2 0.42788461538461536 0.5637019230769231 0.20192307692307693 0.05048076923076923
2 0.4651442307692308 0.6129807692307693 0.05889423076923077 0.02283653846153846
2 0.3557692307692308 0.6322115384615384 0.10336538461538461 0.02283653846153846
2 0.3173076923076923 0.6862980769230769 0.07091346153846154 0.056490384615384616
2 0.1875 0.7295673076923077 0.1310096153846154 0.03365384615384615
2 0.046875 0.8112980769230769 0.09375 0.036057692307692304
2 0.9627403846153846 0.1658653846153846 0.06971153846153846 0.10096153846153846
2 0.8701923076923077 0.19471153846153846 0.07692307692307693 0.04927884615384615
2 0.8713942307692307 0.24158653846153846 0.19230769230769232 0.03485576923076923
2 0.8076923076923077 0.27524038461538464 0.11057692307692307 0.021634615384615384
2 0.7704326923076923 0.31850961538461536 0.18629807692307693 0.042067307692307696
2 0.7283653846153846 0.3545673076923077 0.234375 0.020432692307692308
2 0.671875 0.3894230769230769 0.24639423076923078 0.038461538461538464