0 0.5528846153846154 0.23557692307692307 0.17427884615384615 0.09375
0 0.859375 0.2403846153846154 0.16105769230769232 0.1201923076923077
0 0.5408653846153846 0.3112980769230769 0.0625 0.03485576923076923
0 0.8125 0.3389423076923077 0.07451923076923077 0.04567307692307692
0 0.6610576923076923 0.3762019230769231 0.15144230769230768 0.11778846153846154
0 0.8930288461538461 0.46033653846153844 0.055288461538461536 0.0829326923076923
0 0.4723557692307692 0.49759615384615385 0.15985576923076922 0.11658653846153846
0 0.8185096153846154 0.5240384615384616 0.07692307692307693 0.04567307692307692
0 0.42788461538461536 0.6045673076923077 0.06610576923076923 0.057692307692307696
0 0.28365384615384615 0.6322115384615384 0.17067307692307693 0.12860576923076922
0 0.765625 0.7055288461538461 0.17307692307692307 0.14182692307692307
0 0.23197115384615385 0.7259615384615384 0.07091346153846154 0.05048076923076923
0 0.11177884615384616 0.7331730769230769 0.140625 0.12860576923076922
0 0.7451923076923077 0.8389423076923077 0.08653846153846154 0.0985576923076923
0 0.24519230769230768 0.9507211538461539 0.23317307692307693 0.07451923076923077
0 0.9338942307692307 0.1466346153846154 0.0829326923076923 0.038461538461538464
0 0.5853365384615384 0.1658653846153846 0.18509615384615385 0.03365384615384615