2 0.5600961538461539 0.5516826923076923 0.3161057692307692 0.06129807692307692
2 0.5697115384615384 0.6177884615384616 0.29927884615384615 0.05889423076923077
2 0.5721153846153846 0.6862980769230769 0.28725961538461536 0.06129807692307692
2 0.5769230769230769 0.7512019230769231 0.3293269230769231 0.052884615384615384
2 0.5625 0.8016826923076923 0.3545673076923077 0.040865384615384616
2 0.5973557692307693 0.8533653846153846 0.34134615384615385 0.04927884615384615
2 0.8713942307692307 0.9026442307692307 0.037259615384615384 0.015625
2 0.6358173076923077 0.9050480769230769 0.39302884615384615 0.04807692307692308
2 0.6875 0.9627403846153846 0.5492788461538461 0.05889423076923077
2 0.4675480769230769 0.09975961538461539 0.07211538461538461 0.02283653846153846
2 0.5168269230769231 0.1466346153846154 0.07211538461538461 0.04927884615384615
2 0.5961538461538461 0.25600961538461536 0.11658653846153846 0.037259615384615384
2 0.375 0.28125 0.1141826923076923 0.054086538461538464
2 0.47836538461538464 0.29927884615384615 0.04927884615384615 0.026442307692307692
2 0.6298076923076923 0.3161057692307692 0.08413461538461539 0.036057692307692304
2 0.4723557692307692 0.34375 0.11899038461538461 0.040865384615384616
2 0.5685096153846154 0.4362980769230769 0.3329326923076923 0.06850961538461539
2 0.4254807692307692 0.4963942307692308 0.12379807692307693 0.037259615384615384