0 0.36658653846153844 0.40625 0.10216346153846154 0.07211538461538461
0 0.7259615384615384 0.05048076923076923 0.11899038461538461 0.055288461538461536
0 0.1971153846153846 0.5637019230769231 0.0673076923076923 0.078125
0 0.4338942307692308 0.6658653846153846 0.375 0.4266826923076923
0 0.6682692307692307 0.6995192307692307 0.078125 0.10336538461538461
0 0.15625 0.7824519230769231 0.15745192307692307 0.30649038461538464
0 0.5492788461538461 0.23798076923076922 0.042067307692307696 0.125
0 0.8269230769230769 0.23918269230769232 0.06490384615384616 0.42427884615384615
0 0.5973557692307693 0.2692307692307692 0.037259615384615384 0.3269230769230769
0 0.7091346153846154 0.359375 0.16105769230769232 0.5360576923076923
0 0.49759615384615385 0.3786057692307692 0.1466346153846154 0.12740384615384615