2 0.45913461538461536 0.1622596153846154 0.19591346153846154 0.0733173076923077
2 0.4807692307692308 0.24158653846153846 0.22716346153846154 0.06610576923076923
2 0.47475961538461536 0.2932692307692308 0.24158653846153846 0.04567307692307692
2 0.4675480769230769 0.36899038461538464 0.22716346153846154 0.0829326923076923
2 0.5252403846153846 0.48197115384615385 0.1658653846153846 0.0733173076923077
2 0.5144230769230769 0.5612980769230769 0.23798076923076922 0.0673076923076923
2 0.3713942307692308 0.6201923076923077 0.11778846153846154 0.04326923076923077
2 0.578125 0.6754807692307693 0.203125 0.06009615384615385
2 0.4639423076923077 0.7331730769230769 0.24639423076923078 0.038461538461538464
2 0.5348557692307693 0.7800480769230769 0.14302884615384615 0.028846153846153848
2 0.5240384615384616 0.8401442307692307 0.25721153846153844 0.057692307692307696
2 0.45913461538461536 0.09254807692307693 0.03245192307692308 0.021634615384615384
2 0.3894230769230769 0.9423076923076923 0.1658653846153846 0.0733173076923077
2 0.5721153846153846 0.9807692307692307 0.12259615384615384 0.03365384615384615