0 0.9459134615384616 0.3942307692307692 0.09014423076923077 0.5264423076923077
0 0.8557692307692307 0.40024038461538464 0.07692307692307693 0.6598557692307693
0 0.1045673076923077 0.45913461538461536 0.039663461538461536 0.09254807692307693
0 0.7524038461538461 0.5793269230769231 0.12139423076923077 0.3918269230769231
0 0.578125 0.5841346153846154 0.2127403846153846 0.4567307692307692
0 0.3016826923076923 0.6262019230769231 0.328125 0.5576923076923077
0 0.08052884615384616 0.7235576923076923 0.09495192307692307 0.35697115384615385
0 0.7548076923076923 0.20432692307692307 0.08653846153846154 0.2932692307692308
0 0.6129807692307693 0.20673076923076922 0.17548076923076922 0.21875
0 0.47716346153846156 0.23798076923076922 0.078125 0.17427884615384615
0 0.375 0.25961538461538464 0.10096153846153846 0.14543269230769232