4 0.5649038461538461 0.45913461538461536 0.2764423076923077 0.054086538461538464
4 0.10216346153846154 0.4879807692307692 0.16947115384615385 0.06129807692307692
4 0.7487980769230769 0.546875 0.3701923076923077 0.06009615384615385
4 0.9086538461538461 0.6502403846153846 0.1778846153846154 0.10336538461538461
4 0.30528846153846156 0.6742788461538461 0.21754807692307693 0.06009615384615385
4 0.40384615384615385 0.7572115384615384 0.15625 0.057692307692307696
4 0.640625 0.9543269230769231 0.17427884615384615 0.06490384615384616
4 0.06850961538461539 0.15985576923076922 0.13581730769230768 0.055288461538461536
4 0.13942307692307693 0.24278846153846154 0.26322115384615385 0.07451923076923077
4 0.2860576923076923 0.32572115384615385 0.36658653846153844 0.056490384615384616
4 0.43990384615384615 0.39783653846153844 0.36778846153846156 0.037259615384615384