3 0.7067307692307693 0.18389423076923078 0.3173076923076923 0.234375
3 0.7716346153846154 0.03245192307692308 0.19110576923076922 0.038461538461538464
3 0.4855769230769231 0.33052884615384615 0.06971153846153846 0.27163461538461536
3 0.15865384615384615 0.33653846153846156 0.2704326923076923 0.03245192307692308
3 0.6646634615384616 0.3786057692307692 0.19591346153846154 0.12620192307692307
3 0.375 0.4891826923076923 0.0673076923076923 0.2247596153846154
3 0.5661057692307693 0.5528846153846154 0.18269230769230768 0.09735576923076923
3 0.08653846153846154 0.6189903846153846 0.1502403846153846 0.0889423076923077
3 0.7752403846153846 0.6802884615384616 0.14903846153846154 0.15865384615384615
3 0.2776442307692308 0.7151442307692307 0.06971153846153846 0.28966346153846156
3 0.4567307692307692 0.7451923076923077 0.13341346153846154 0.21033653846153846
3 0.2692307692307692 0.9314903846153846 0.23557692307692307 0.13581730769230768