0 0.2956730769230769 0.15264423076923078 0.1466346153846154 0.10817307692307693
0 0.1201923076923077 0.171875 0.04326923076923077 0.038461538461538464
0 0.4182692307692308 0.22956730769230768 0.05048076923076923 0.03245192307692308
0 0.15264423076923078 0.2644230769230769 0.14903846153846154 0.056490384615384616
0 0.48197115384615385 0.2824519230769231 0.051682692307692304 0.038461538461538464
0 0.43028846153846156 0.29927884615384615 0.036057692307692304 0.026442307692307692
0 0.23076923076923078 0.35096153846153844 0.1310096153846154 0.04447115384615385
0 0.41225961538461536 0.37740384615384615 0.20072115384615385 0.11899038461538461
0 0.23798076923076922 0.39302884615384615 0.051682692307692304 0.027644230769230768
0 0.5961538461538461 0.41947115384615385 0.08413461538461539 0.0985576923076923
0 0.0829326923076923 0.4254807692307692 0.10216346153846154 0.06610576923076923
0 0.3137019230769231 0.47596153846153844 0.06370192307692307 0.03365384615384615
0 0.4050480769230769 0.5240384615384616 0.11778846153846154 0.04447115384615385
0 0.19110576923076922 0.5372596153846154 0.14903846153846154 0.11057692307692307
0 0.5192307692307693 0.5504807692307693 0.07932692307692307 0.042067307692307696
0 0.4266826923076923 0.5721153846153846 0.06370192307692307 0.027644230769230768
0 0.6646634615384616 0.6213942307692307 0.17427884615384615 0.18269230769230768
0 0.2980769230769231 0.6322115384615384 0.03245192307692308 0.027644230769230768
0 0.3701923076923077 0.6862980769230769 0.04326923076923077 0.03245192307692308
0 0.39663461538461536 0.7668269230769231 0.22115384615384615 0.0889423076923077
0 0.6754807692307693 0.7668269230769231 0.15384615384615385 0.08052884615384616
0 0.42788461538461536 0.8413461538461539 0.07211538461538461 0.026442307692307692
0 0.65625 0.8629807692307693 0.04807692307692308 0.026442307692307692
0 0.7620192307692307 0.8665865384615384 0.12259615384615384 0.07211538461538461
0 0.578125 0.8846153846153846 0.06370192307692307 0.054086538461538464
0 0.7211538461538461 0.9567307692307693 0.056490384615384616 0.04807692307692308