3 0.9230769230769231 0.3557692307692308 0.054086538461538464 0.15865384615384615
3 0.9759615384615384 0.3870192307692308 0.03245192307692308 0.17908653846153846
3 0.47596153846153844 0.4338942307692308 0.11778846153846154 0.18870192307692307
3 0.9567307692307693 0.5853365384615384 0.054086538461538464 0.18990384615384615
3 0.4014423076923077 0.5997596153846154 0.13701923076923078 0.125
3 0.5745192307692307 0.6286057692307693 0.16346153846153846 0.14543269230769232
3 0.8617788461538461 0.6310096153846154 0.10817307692307693 0.36778846153846156
3 0.34134615384615385 0.7055288461538461 0.10697115384615384 0.07572115384615384
3 0.7403846153846154 0.7728365384615384 0.09495192307692307 0.21754807692307693
3 0.28365384615384615 0.8762019230769231 0.1466346153846154 0.24639423076923078
3 0.11298076923076923 0.9194711538461539 0.057692307692307696 0.027644230769230768
3 0.08533653846153846 0.9699519230769231 0.06490384615384616 0.055288461538461536
3 0.6225961538461539 0.15625 0.06610576923076923 0.0889423076923077
3 0.5685096153846154 0.27163461538461536 0.12620192307692307 0.12259615384615384