4 0.9795673076923077 0.7620192307692307 0.025240384615384616 0.15384615384615385
4 0.6790865384615384 0.8028846153846154 0.0673076923076923 0.09014423076923077
4 0.7884615384615384 0.8100961538461539 0.019230769230769232 0.1201923076923077
4 0.6346153846153846 0.1622596153846154 0.04326923076923077 0.09254807692307693
4 0.41346153846153844 0.1814903846153846 0.038461538461538464 0.0889423076923077
4 0.22235576923076922 0.1935096153846154 0.14182692307692307 0.17067307692307693
4 0.04447115384615385 0.1971153846153846 0.03245192307692308 0.19230769230769232
4 0.3557692307692308 0.21394230769230768 0.04447115384615385 0.19831730769230768
4 0.4206730769230769 0.3233173076923077 0.03125 0.09615384615384616
4 0.625 0.3701923076923077 0.0673076923076923 0.14423076923076922
4 0.5600961538461539 0.3894230769230769 0.04567307692307692 0.19831730769230768
4 0.02403846153846154 0.4206730769230769 0.02283653846153846 0.12860576923076922
4 0.052884615384615384 0.42427884615384615 0.019230769230769232 0.1346153846153846
4 0.43509615384615385 0.45913461538461536 0.039663461538461536 0.1622596153846154
4 0.4735576923076923 0.4735576923076923 0.02283653846153846 0.11778846153846154
4 0.9182692307692307 0.47716346153846156 0.030048076923076924 0.11057692307692307
4 0.32091346153846156 0.5276442307692307 0.04927884615384615 0.28365384615384615
4 0.7752403846153846 0.5360576923076923 0.05048076923076923 0.15504807692307693
4 0.13822115384615385 0.5685096153846154 0.040865384615384616 0.21995192307692307
4 0.3918269230769231 0.5733173076923077 0.036057692307692304 0.25600961538461536
4 0.6742788461538461 0.6286057692307693 0.055288461538461536 0.10576923076923077
4 0.18269230769230768 0.6622596153846154 0.02403846153846154 0.10096153846153846
4 0.8774038461538461 0.7091346153846154 0.04326923076923077 0.1658653846153846
4 0.9314903846153846 0.71875 0.03365384615384615 0.18629807692307693
4 0.7463942307692307 0.7199519230769231 0.04567307692307692 0.17307692307692307