3 0.6394230769230769 0.4831730769230769 0.04807692307692308 0.5180288461538461
3 0.5612980769230769 0.5288461538461539 0.052884615384615384 0.515625
3 0.24158653846153846 0.5360576923076923 0.040865384615384616 0.025240384615384616
3 0.48677884615384615 0.5757211538461539 0.04567307692307692 0.4795673076923077
3 0.4098557692307692 0.6418269230769231 0.06490384615384616 0.47596153846153844
3 0.32572115384615385 0.6971153846153846 0.08052884615384616 0.41466346153846156
3 0.25961538461538464 0.7620192307692307 0.040865384615384616 0.3581730769230769
3 0.19230769230769232 0.8125 0.038461538461538464 0.3473557692307692
3 0.07932692307692307 0.8557692307692307 0.15384615384615385 0.28365384615384615
3 0.2283653846153846 0.9074519230769231 0.008413461538461538 0.0733173076923077
3 0.9735576923076923 0.27403846153846156 0.039663461538461536 0.5264423076923077
3 0.9050480769230769 0.30408653846153844 0.06610576923076923 0.5180288461538461
3 0.8100961538461539 0.3557692307692308 0.11298076923076923 0.5324519230769231
3 0.7115384615384616 0.40865384615384615 0.05889423076923077 0.5829326923076923