3 0.3389423076923077 0.27163461538461536 0.057692307692307696 0.15625
3 0.4206730769230769 0.3762019230769231 0.056490384615384616 0.14423076923076922
3 0.5300480769230769 0.49759615384615385 0.06370192307692307 0.15264423076923078
3 0.10216346153846154 0.056490384615384616 0.10576923076923077 0.08413461538461539
3 0.5492788461538461 0.609375 0.02403846153846154 0.037259615384615384
3 0.625 0.6466346153846154 0.06850961538461539 0.14423076923076922
3 0.7151442307692307 0.75 0.06850961538461539 0.15384615384615385
3 0.8100961538461539 0.8449519230769231 0.06850961538461539 0.17908653846153846
3 0.9002403846153846 0.9399038461538461 0.07451923076923077 0.11538461538461539
3 0.8173076923076923 0.9663461538461539 0.02403846153846154 0.026442307692307692
3 0.13822115384615385 0.12379807692307693 0.03125 0.025240384615384616
3 0.2403846153846154 0.18990384615384615 0.08533653846153846 0.11778846153846154