2 0.4699519230769231 0.609375 0.17548076923076922 0.06850961538461539
2 0.47836538461538464 0.6790865384615384 0.19591346153846154 0.054086538461538464
2 0.5060096153846154 0.7367788461538461 0.15144230769230768 0.04567307692307692
2 0.5096153846153846 0.7956730769230769 0.12139423076923077 0.054086538461538464
2 0.4891826923076923 0.8521634615384616 0.07091346153846154 0.036057692307692304
2 0.5 0.9387019230769231 0.054086538461538464 0.037259615384615384
2 0.4338942307692308 0.0985576923076923 0.046875 0.0829326923076923
2 0.41466346153846156 0.16706730769230768 0.12139423076923077 0.03245192307692308
2 0.40384615384615385 0.21875 0.19831730769230768 0.04807692307692308
2 0.40024038461538464 0.27403846153846156 0.17067307692307693 0.042067307692307696
2 0.41346153846153844 0.33413461538461536 0.18990384615384615 0.05889423076923077
2 0.42908653846153844 0.4050480769230769 0.19471153846153846 0.04927884615384615
2 0.4543269230769231 0.4651442307692308 0.16947115384615385 0.05048076923076923
2 0.45072115384615385 0.5336538461538461 0.1778846153846154 0.0625