2 0.23918269230769232 0.20673076923076922 0.1778846153846154 0.04927884615384615
2 0.31009615384615385 0.25600961538461536 0.20793269230769232 0.03485576923076923
2 0.3545673076923077 0.31009615384615385 0.18269230769230768 0.051682692307692304
2 0.45552884615384615 0.375 0.18028846153846154 0.04326923076923077
2 0.5216346153846154 0.4254807692307692 0.1875 0.04326923076923077
2 0.5588942307692307 0.47596153846153844 0.19110576923076922 0.039663461538461536
2 0.6045673076923077 0.5252403846153846 0.21153846153846154 0.037259615384615384
2 0.5492788461538461 0.5612980769230769 0.03485576923076923 0.018028846153846152
2 0.6658653846153846 0.5913461538461539 0.18509615384615385 0.0733173076923077
2 0.07211538461538461 0.06009615384615385 0.13822115384615385 0.027644230769230768
2 0.7788461538461539 0.6129807692307693 0.021634615384615384 0.03365384615384615
2 0.15504807692307693 0.6298076923076923 0.056490384615384616 0.056490384615384616
2 0.8798076923076923 0.6490384615384616 0.07451923076923077 0.028846153846153848
2 0.7331730769230769 0.6502403846153846 0.1814903846153846 0.03245192307692308
2 0.22716346153846154 0.6850961538461539 0.06129807692307692 0.03365384615384615
2 0.8173076923076923 0.7043269230769231 0.19951923076923078 0.046875
2 0.265625 0.7271634615384616 0.12259615384615384 0.030048076923076924
2 0.2512019230769231 0.7620192307692307 0.07091346153846154 0.025240384615384616
2 0.8966346153846154 0.7752403846153846 0.14302884615384615 0.0733173076923077
2 0.33413461538461536 0.7896634615384616 0.09134615384615384 0.025240384615384616
2 0.3605769230769231 0.8269230769230769 0.09615384615384616 0.030048076923076924
2 0.45552884615384615 0.8365384615384616 0.036057692307692304 0.015625
2 0.390625 0.8641826923076923 0.13581730769230768 0.026442307692307692
2 0.9206730769230769 0.8858173076923077 0.10697115384615384 0.078125
2 0.4675480769230769 0.8930288461538461 0.09735576923076923 0.019230769230769232
2 0.4651442307692308 0.9182692307692307 0.1310096153846154 0.020432692307692308
2 0.5132211538461539 0.9699519230769231 0.10096153846153846 0.057692307692307696
2 0.13341346153846154 0.1045673076923077 0.14423076923076922 0.042067307692307696
2 0.16346153846153846 0.15745192307692307 0.13221153846153846 0.04807692307692308