3 0.5252403846153846 0.037259615384615384 0.08173076923076923 0.0625
3 0.671875 0.037259615384615384 0.1141826923076923 0.056490384615384616
3 0.2548076923076923 0.35216346153846156 0.15865384615384615 0.052884615384615384
3 0.4266826923076923 0.359375 0.06610576923076923 0.057692307692307696
3 0.6045673076923077 0.375 0.07692307692307693 0.09134615384615384
3 0.26802884615384615 0.42427884615384615 0.1346153846153846 0.0625
3 0.6105769230769231 0.47115384615384615 0.03125 0.046875
3 0.29927884615384615 0.49038461538461536 0.109375 0.04927884615384615
3 0.4651442307692308 0.5012019230769231 0.08653846153846154 0.046875
3 0.3088942307692308 0.5528846153846154 0.13942307692307693 0.046875
3 0.48677884615384615 0.578125 0.10096153846153846 0.05048076923076923
3 0.3125 0.6165865384615384 0.15504807692307693 0.04807692307692308
3 0.5060096153846154 0.6730769230769231 0.0625 0.09975961538461539
3 0.3173076923076923 0.6778846153846154 0.18389423076923078 0.0673076923076923
3 0.3762019230769231 0.0733173076923077 0.1201923076923077 0.04447115384615385
3 0.33774038461538464 0.7439903846153846 0.21634615384615385 0.04807692307692308
3 0.46153846153846156 0.8473557692307693 0.0985576923076923 0.1310096153846154
3 0.3161057692307692 0.8581730769230769 0.11538461538461539 0.12259615384615384
3 0.203125 0.09014423076923077 0.16706730769230768 0.06490384615384616
3 0.5216346153846154 0.09735576923076923 0.09375 0.027644230769230768
3 0.42788461538461536 0.9543269230769231 0.17427884615384615 0.04326923076923077
3 0.6766826923076923 0.10697115384615384 0.06610576923076923 0.046875
3 0.3894230769230769 0.125 0.10817307692307693 0.03365384615384615
3 0.5348557692307693 0.15384615384615385 0.11057692307692307 0.046875
3 0.19591346153846154 0.15865384615384615 0.13701923076923078 0.055288461538461536
3 0.39663461538461536 0.171875 0.10216346153846154 0.036057692307692304
3 0.34134615384615385 0.021634615384615384 0.12740384615384615 0.03485576923076923
3 0.671875 0.19230769230769232 0.038461538461538464 0.07091346153846154
3 0.14543269230769232 0.02403846153846154 0.109375 0.039663461538461536
3 0.21514423076923078 0.22235576923076922 0.16346153846153846 0.04567307692307692
3 0.41346153846153844 0.23076923076923078 0.14543269230769232 0.04807692307692308
3 0.6814903846153846 0.25721153846153844 0.054086538461538464 0.03485576923076923
3 0.5793269230769231 0.26802884615384615 0.055288461538461536 0.0889423076923077
3 0.234375 0.28966346153846156 0.125 0.051682692307692304
3 0.4098557692307692 0.29086538461538464 0.09134615384615384 0.046875