3 0.5649038461538461 0.2620192307692308 0.33052884615384615 0.5036057692307693
3 0.8016826923076923 0.3641826923076923 0.04326923076923077 0.07211538461538461
3 0.30528846153846156 0.48677884615384615 0.07572115384615384 0.22596153846153846
3 0.46274038461538464 0.5600961538461539 0.11538461538461539 0.03365384615384615
3 0.39302884615384615 0.6081730769230769 0.04326923076923077 0.014423076923076924
3 0.20793269230769232 0.6370192307692307 0.037259615384615384 0.109375
3 0.32211538461538464 0.6370192307692307 0.04326923076923077 0.018028846153846152
3 0.9230769230769231 0.0673076923076923 0.06490384615384616 0.054086538461538464
3 0.6526442307692307 0.6947115384615384 0.054086538461538464 0.09014423076923077
3 0.5456730769230769 0.8401442307692307 0.09254807692307693 0.31850961538461536
3 0.34134615384615385 0.8629807692307693 0.15865384615384615 0.21634615384615385
3 0.15625 0.8954326923076923 0.07692307692307693 0.14783653846153846
3 0.8100961538461539 0.15985576923076922 0.07091346153846154 0.27524038461538464