4 0.6322115384615384 0.19591346153846154 0.06009615384615385 0.030048076923076924
4 0.5997596153846154 0.2536057692307692 0.09134615384615384 0.039663461538461536
4 0.6105769230769231 0.030048076923076924 0.10096153846153846 0.06009615384615385
4 0.40865384615384615 0.30649038461538464 0.038461538461538464 0.027644230769230768
4 0.5516826923076923 0.33413461538461536 0.08052884615384616 0.028846153846153848
4 0.3629807692307692 0.3954326923076923 0.09615384615384616 0.021634615384615384
4 0.32572115384615385 0.45552884615384615 0.055288461538461536 0.038461538461538464
4 0.5360576923076923 0.47475961538461536 0.057692307692307696 0.02283653846153846
4 0.40024038461538464 0.4891826923076923 0.04326923076923077 0.027644230769230768
4 0.2668269230769231 0.5384615384615384 0.056490384615384616 0.02403846153846154
4 0.4879807692307692 0.5588942307692307 0.04807692307692308 0.040865384615384616
4 0.35697115384615385 0.5685096153846154 0.08653846153846154 0.03485576923076923
4 0.43028846153846156 0.6057692307692307 0.0625 0.018028846153846152
4 0.43028846153846156 0.6310096153846154 0.08413461538461539 0.01201923076923077
4 0.22956730769230768 0.6502403846153846 0.08774038461538461 0.05889423076923077
4 0.3894230769230769 0.6766826923076923 0.06490384615384616 0.042067307692307696
4 0.21033653846153846 0.7331730769230769 0.08774038461538461 0.03485576923076923
4 0.4795673076923077 0.07932692307692307 0.08533653846153846 0.03365384615384615
4 0.4014423076923077 0.7884615384615384 0.09014423076923077 0.04807692307692308
4 0.2127403846153846 0.8245192307692307 0.13701923076923078 0.1201923076923077
4 0.3329326923076923 0.8329326923076923 0.057692307692307696 0.02403846153846154
4 0.6658653846153846 0.10697115384615384 0.0625 0.03125
4 0.49399038461538464 0.12620192307692307 0.09375 0.021634615384615384
4 0.5360576923076923 0.18269230769230768 0.07932692307692307 0.04567307692307692