2 0.4723557692307692 0.3629807692307692 0.20673076923076922 0.057692307692307696
2 0.6442307692307693 0.43509615384615385 0.056490384615384616 0.026442307692307692
2 0.4014423076923077 0.4411057692307692 0.057692307692307696 0.025240384615384616
2 0.5228365384615384 0.4723557692307692 0.08774038461538461 0.046875
2 0.6153846153846154 0.5685096153846154 0.15865384615384615 0.07692307692307693
2 0.7463942307692307 0.6274038461538461 0.054086538461538464 0.06850961538461539
2 0.6454326923076923 0.6430288461538461 0.08173076923076923 0.052884615384615384
2 0.20552884615384615 0.06610576923076923 0.10697115384615384 0.04447115384615385
2 0.7115384615384616 0.7055288461538461 0.17307692307692307 0.051682692307692304
2 0.7560096153846154 0.7932692307692307 0.17908653846153846 0.12620192307692307
2 0.7908653846153846 0.9314903846153846 0.19831730769230768 0.1310096153846154
2 0.28125 0.13822115384615385 0.07692307692307693 0.04807692307692308
2 0.3137019230769231 0.21153846153846154 0.09134615384615384 0.054086538461538464
2 0.453125 0.2920673076923077 0.054086538461538464 0.04567307692307692