2 0.45072115384615385 0.32211538461538464 0.24879807692307693 0.08774038461538461
2 0.48197115384615385 0.039663461538461536 0.1346153846153846 0.02283653846153846
2 0.4375 0.4182692307692308 0.18269230769230768 0.09014423076923077
2 0.42427884615384615 0.5180288461538461 0.17668269230769232 0.08653846153846154
2 0.4170673076923077 0.59375 0.21754807692307693 0.052884615384615384
2 0.4495192307692308 0.6526442307692307 0.14423076923076922 0.04326923076923077
2 0.4206730769230769 0.6971153846153846 0.14903846153846154 0.038461538461538464
2 0.48677884615384615 0.7548076923076923 0.17908653846153846 0.054086538461538464
2 0.4579326923076923 0.07932692307692307 0.10697115384615384 0.036057692307692304
2 0.43149038461538464 0.8028846153846154 0.08173076923076923 0.02283653846153846
2 0.3894230769230769 0.8401442307692307 0.10576923076923077 0.046875
2 0.44711538461538464 0.9242788461538461 0.125 0.11298076923076923
2 0.6430288461538461 0.014423076923076924 0.0985576923076923 0.025240384615384616
2 0.46033653846153844 0.14182692307692307 0.1935096153846154 0.06610576923076923
2 0.49158653846153844 0.23076923076923078 0.21514423076923078 0.08533653846153846