4 0.3485576923076923 0.4362980769230769 0.3389423076923077 0.06971153846153846
4 0.625 0.5889423076923077 0.19831730769230768 0.15504807692307693
4 0.25841346153846156 0.7331730769230769 0.4543269230769231 0.4795673076923077
4 0.9050480769230769 0.07692307692307693 0.18509615384615385 0.08653846153846154
4 0.828125 0.15504807692307693 0.16466346153846154 0.04447115384615385
4 0.5396634615384616 0.23076923076923078 0.09495192307692307 0.036057692307692304
4 0.7163461538461539 0.23197115384615385 0.16826923076923078 0.0625
4 0.36778846153846156 0.24158653846153846 0.1658653846153846 0.038461538461538464
4 0.22716346153846154 0.28365384615384615 0.09615384615384616 0.030048076923076924
4 0.7163461538461539 0.30649038461538464 0.27524038461538464 0.051682692307692304
4 0.4375 0.3581730769230769 0.171875 0.052884615384615384
4 0.71875 0.40384615384615385 0.18629807692307693 0.10817307692307693