2 0.3737980769230769 0.36658653846153844 0.2608173076923077 0.06370192307692307
2 0.4206730769230769 0.4423076923076923 0.32572115384615385 0.06490384615384616
2 0.6021634615384616 0.5228365384615384 0.07692307692307693 0.08052884615384616
2 0.4014423076923077 0.5300480769230769 0.2860576923076923 0.07451923076923077
2 0.5348557692307693 0.6009615384615384 0.2439903846153846 0.04567307692307692
2 0.53125 0.6694711538461539 0.25600961538461536 0.0829326923076923
2 0.5793269230769231 0.7608173076923077 0.2283653846153846 0.07692307692307693
2 0.5865384615384616 0.84375 0.3858173076923077 0.056490384615384616
2 0.45072115384615385 0.90625 0.17908653846153846 0.046875
2 0.34375 0.11298076923076923 0.19110576923076922 0.08413461538461539
2 0.3581730769230769 0.2127403846153846 0.19951923076923078 0.09014423076923077
2 0.3894230769230769 0.2980769230769231 0.29086538461538464 0.04567307692307692