3 0.9831730769230769 0.4483173076923077 0.028846153846153848 0.2283653846153846
3 0.13581730769230768 0.5084134615384616 0.052884615384615384 0.038461538461538464
3 0.5144230769230769 0.5240384615384616 0.125 0.4639423076923077
3 0.2956730769230769 0.5384615384615384 0.2403846153846154 0.10216346153846154
3 0.6466346153846154 0.6298076923076923 0.11658653846153846 0.4723557692307692
3 0.38100961538461536 0.6514423076923077 0.12379807692307693 0.07451923076923077
3 0.7632211538461539 0.6826923076923077 0.07692307692307693 0.3737980769230769
3 0.8653846153846154 0.7788461538461539 0.08653846153846154 0.39663461538461536
3 0.765625 0.1935096153846154 0.15865384615384615 0.21875
3 0.90625 0.21754807692307693 0.1045673076923077 0.1814903846153846
3 0.22115384615384615 0.2920673076923077 0.35096153846153844 0.3389423076923077
3 0.8161057692307693 0.33774038461538464 0.07211538461538461 0.054086538461538464
3 0.4254807692307692 0.39903846153846156 0.036057692307692304 0.11899038461538461