0 0.734375 0.2283653846153846 0.10336538461538461 0.20793269230769232
0 0.8497596153846154 0.25240384615384615 0.10817307692307693 0.056490384615384616
0 0.6129807692307693 0.3088942307692308 0.08413461538461539 0.20793269230769232
0 0.7199519230769231 0.3701923076923077 0.08413461538461539 0.042067307692307696
0 0.49278846153846156 0.4074519230769231 0.1201923076923077 0.21153846153846154
0 0.6117788461538461 0.4567307692307692 0.07932692307692307 0.04927884615384615
0 0.34975961538461536 0.47596153846153844 0.12379807692307693 0.20673076923076922
0 0.4831730769230769 0.5576923076923077 0.09134615384615384 0.052884615384615384
0 0.21514423076923078 0.6057692307692307 0.07932692307692307 0.17908653846153846
0 0.3641826923076923 0.6430288461538461 0.1201923076923077 0.08533653846153846
0 0.25240384615384615 0.7391826923076923 0.11177884615384616 0.0625
0 0.11298076923076923 0.7548076923076923 0.08774038461538461 0.171875
0 0.03125 0.8377403846153846 0.054086538461538464 0.13581730769230768
0 0.9014423076923077 0.13701923076923078 0.17067307692307693 0.14903846153846154