3 0.6935096153846154 0.13581730769230768 0.27163461538461536 0.06971153846153846
3 0.8966346153846154 0.13942307692307693 0.09254807692307693 0.08052884615384616
3 0.6081730769230769 0.23918269230769232 0.265625 0.10336538461538461
3 0.4411057692307692 0.2512019230769231 0.040865384615384616 0.027644230769230768
3 0.8810096153846154 0.3125 0.20793269230769232 0.21033653846153846
3 0.5504807692307693 0.35336538461538464 0.3894230769230769 0.09735576923076923
3 0.8329326923076923 0.4891826923076923 0.11538461538461539 0.1201923076923077
3 0.43149038461538464 0.5168269230769231 0.4387019230769231 0.12860576923076922
3 0.796875 0.051682692307692304 0.2980769230769231 0.04326923076923077
3 0.15264423076923078 0.5540865384615384 0.07692307692307693 0.055288461538461536
3 0.33653846153846156 0.6766826923076923 0.6478365384615384 0.11778846153846154
3 0.5745192307692307 0.8401442307692307 0.0673076923076923 0.10096153846153846
3 0.2980769230769231 0.8822115384615384 0.47115384615384615 0.23076923076923078