2 0.5492788461538461 0.22235576923076922 0.14543269230769232 0.03365384615384615
2 0.5576923076923077 0.27403846153846156 0.16826923076923078 0.046875
2 0.5240384615384616 0.33653846153846156 0.1658653846153846 0.06009615384615385
2 0.5180288461538461 0.40024038461538464 0.22355769230769232 0.052884615384615384
2 0.5024038461538461 0.45072115384615385 0.24519230769230768 0.037259615384615384
2 0.49759615384615385 0.4963942307692308 0.21514423076923078 0.039663461538461536
2 0.3233173076923077 0.052884615384615384 0.08774038461538461 0.036057692307692304
2 0.5288461538461539 0.5420673076923077 0.1622596153846154 0.03365384615384615
2 0.6021634615384616 0.5829326923076923 0.18629807692307693 0.036057692307692304
2 0.44591346153846156 0.6201923076923077 0.13822115384615385 0.04326923076923077
2 0.5721153846153846 0.6394230769230769 0.06850961538461539 0.042067307692307696
2 0.5793269230769231 0.6790865384615384 0.2247596153846154 0.030048076923076924
2 0.5432692307692307 0.7163461538461539 0.23076923076923078 0.03485576923076923
2 0.5192307692307693 0.7680288461538461 0.23918269230769232 0.052884615384615384
2 0.5228365384615384 0.8125 0.16947115384615385 0.027644230769230768
2 0.5216346153846154 0.8569711538461539 0.20793269230769232 0.054086538461538464
2 0.5336538461538461 0.9014423076923077 0.14543269230769232 0.02283653846153846
2 0.3894230769230769 0.09014423076923077 0.1346153846153846 0.025240384615384616
2 0.5480769230769231 0.9399038461538461 0.16105769230769232 0.03365384615384615
2 0.4699519230769231 0.12259615384615384 0.12860576923076922 0.027644230769230768
2 0.37740384615384615 0.15264423076923078 0.07932692307692307 0.016826923076923076
2 0.4951923076923077 0.15985576923076922 0.12139423076923077 0.02403846153846154
2 0.5348557692307693 0.18990384615384615 0.06370192307692307 0.02403846153846154