3 0.6454326923076923 0.4110576923076923 0.05889423076923077 0.02283653846153846
3 0.45072115384615385 0.4543269230769231 0.08653846153846154 0.17307692307692307
3 0.5288461538461539 0.5012019230769231 0.042067307692307696 0.020432692307692308
3 0.35697115384615385 0.5372596153846154 0.08533653846153846 0.18629807692307693
3 0.25600961538461536 0.6153846153846154 0.07932692307692307 0.2283653846153846
3 0.16826923076923078 0.6646634615384616 0.07451923076923077 0.12259615384615384
3 0.09735576923076923 0.7079326923076923 0.057692307692307696 0.04807692307692308
3 0.04447115384615385 0.7463942307692307 0.06850961538461539 0.038461538461538464
3 0.1778846153846154 0.7536057692307693 0.04567307692307692 0.036057692307692304
3 0.11298076923076923 0.7932692307692307 0.06370192307692307 0.09375
3 0.040865384615384616 0.8269230769230769 0.06009615384615385 0.10216346153846154
3 0.9723557692307693 0.12620192307692307 0.051682692307692304 0.1201923076923077
3 0.9026442307692307 0.16466346153846154 0.055288461538461536 0.11778846153846154
3 0.7992788461538461 0.23197115384615385 0.10697115384615384 0.1310096153846154
3 0.6766826923076923 0.31009615384615385 0.11538461538461539 0.14302884615384615
3 0.5552884615384616 0.3954326923076923 0.09975961538461539 0.16706730769230768