2 0.390625 0.3088942307692308 0.13701923076923078 0.040865384615384616
2 0.3629807692307692 0.36778846153846156 0.12620192307692307 0.06490384615384616
2 0.34134615384615385 0.43149038461538464 0.12620192307692307 0.04807692307692308
2 0.3473557692307692 0.5192307692307693 0.15985576923076922 0.0889423076923077
2 0.35216346153846156 0.5985576923076923 0.15985576923076922 0.046875
2 0.36538461538461536 0.6634615384615384 0.036057692307692304 0.03245192307692308
2 0.28725961538461536 0.6634615384615384 0.056490384615384616 0.02403846153846154
2 0.42788461538461536 0.6670673076923077 0.02283653846153846 0.021634615384615384
2 0.3401442307692308 0.71875 0.10216346153846154 0.055288461538461536
2 0.421875 0.7223557692307693 0.038461538461538464 0.026442307692307692
2 0.3605769230769231 0.7704326923076923 0.056490384615384616 0.015625
2 0.4579326923076923 0.7944711538461539 0.09134615384615384 0.040865384615384616
2 0.390625 0.7980769230769231 0.038461538461538464 0.016826923076923076
2 0.4699519230769231 0.8401442307692307 0.052884615384615384 0.03485576923076923
2 0.4026442307692308 0.8413461538461539 0.03485576923076923 0.03125
2 0.4411057692307692 0.10336538461538461 0.03245192307692308 0.05889423076923077
2 0.43149038461538464 0.15985576923076922 0.06370192307692307 0.040865384615384616
2 0.41346153846153844 0.20552884615384615 0.08774038461538461 0.03365384615384615
2 0.4014423076923077 0.25721153846153844 0.0985576923076923 0.04326923076923077