3 0.4074519230769231 0.30408653846153844 0.13341346153846154 0.1502403846153846
3 0.5456730769230769 0.38822115384615385 0.10576923076923077 0.1622596153846154
3 0.6538461538461539 0.43509615384615385 0.06129807692307692 0.1622596153846154
3 0.7319711538461539 0.4855769230769231 0.056490384615384616 0.09375
3 0.8028846153846154 0.49759615384615385 0.038461538461538464 0.05048076923076923
3 0.78125 0.5637019230769231 0.18990384615384615 0.05889423076923077
3 0.46033653846153844 0.5745192307692307 0.12259615384615384 0.16466346153846154
3 0.8786057692307693 0.6262019230769231 0.1622596153846154 0.028846153846153848
3 0.3629807692307692 0.6490384615384616 0.052884615384615384 0.078125
3 0.4579326923076923 0.6838942307692307 0.038461538461538464 0.02283653846153846
3 0.9254807692307693 0.7043269230769231 0.10817307692307693 0.09495192307692307
3 0.3641826923076923 0.7451923076923077 0.125 0.08774038461538461
3 0.21754807692307693 0.203125 0.125 0.078125