0 0.5817307692307693 0.5264423076923077 0.0673076923076923 0.24879807692307693
0 0.6478365384615384 0.5925480769230769 0.04447115384615385 0.22355769230769232
0 0.7199519230769231 0.6694711538461539 0.0733173076923077 0.21394230769230768
0 0.8028846153846154 0.7319711538461539 0.0673076923076923 0.2091346153846154
0 0.8834134615384616 0.796875 0.06490384615384616 0.21153846153846154
0 0.9591346153846154 0.8557692307692307 0.06129807692307692 0.16947115384615385
0 0.12980769230769232 0.10096153846153846 0.18269230769230768 0.1502403846153846
0 0.265625 0.22355769230769232 0.06129807692307692 0.25240384615384615
0 0.33052884615384615 0.29086538461538464 0.052884615384615384 0.27884615384615385
0 0.3918269230769231 0.3449519230769231 0.04807692307692308 0.24639423076923078
0 0.4495192307692308 0.39302884615384615 0.04447115384615385 0.25
0 0.5072115384615384 0.4495192307692308 0.055288461538461536 0.2439903846153846