0 0.38100961538461536 0.5132211538461539 0.055288461538461536 0.11298076923076923
0 0.3233173076923077 0.5408653846153846 0.026442307692307692 0.054086538461538464
0 0.3076923076923077 0.6478365384615384 0.07091346153846154 0.12259615384615384
0 0.2439903846153846 0.7355769230769231 0.046875 0.07211538461538461
0 0.19831730769230768 0.828125 0.04567307692307692 0.09254807692307693
0 0.14543269230769232 0.9230769230769231 0.05048076923076923 0.05889423076923077
0 0.7608173076923077 0.1310096153846154 0.026442307692307692 0.05048076923076923
0 0.6694711538461539 0.14423076923076922 0.13701923076923078 0.09615384615384616
0 0.5528846153846154 0.2403846153846154 0.05889423076923077 0.125
0 0.6370192307692307 0.25240384615384615 0.078125 0.09014423076923077
0 0.49038461538461536 0.3125 0.04567307692307692 0.10336538461538461
0 0.5408653846153846 0.3942307692307692 0.037259615384615384 0.04927884615384615
0 0.453125 0.43028846153846156 0.07572115384615384 0.1045673076923077
0 0.7319711538461539 0.04927884615384615 0.15985576923076922 0.07211538461538461