0 0.4423076923076923 0.6117788461538461 0.09134615384615384 0.10576923076923077
0 0.2764423076923077 0.6742788461538461 0.0889423076923077 0.06370192307692307
0 0.13221153846153846 0.6947115384615384 0.06971153846153846 0.09975961538461539
0 0.05048076923076923 0.7127403846153846 0.0673076923076923 0.057692307692307696
0 0.234375 0.8004807692307693 0.06971153846153846 0.042067307692307696
0 0.9362980769230769 0.16947115384615385 0.056490384615384616 0.042067307692307696
0 0.7608173076923077 0.17668269230769232 0.055288461538461536 0.06370192307692307
0 0.8713942307692307 0.26322115384615385 0.08533653846153846 0.0889423076923077
0 0.7764423076923077 0.32091346153846156 0.07091346153846154 0.17307692307692307
0 0.7007211538461539 0.3894230769230769 0.06370192307692307 0.11057692307692307
0 0.5120192307692307 0.4519230769230769 0.1622596153846154 0.17427884615384615
0 0.6310096153846154 0.4567307692307692 0.052884615384615384 0.13701923076923078
0 0.703125 0.4735576923076923 0.03485576923076923 0.030048076923076924
0 0.32091346153846156 0.53125 0.13221153846153846 0.07932692307692307