2 0.46153846153846156 0.3557692307692308 0.17427884615384615 0.078125
2 0.46634615384615385 0.43509615384615385 0.19110576923076922 0.06009615384615385
2 0.4963942307692308 0.5444711538461539 0.21153846153846154 0.06610576923076923
2 0.5444711538461539 0.6237980769230769 0.19471153846153846 0.0625
2 0.5913461538461539 0.6995192307692307 0.1935096153846154 0.057692307692307696
2 0.609375 0.7427884615384616 0.1201923076923077 0.018028846153846152
2 0.53125 0.7548076923076923 0.039663461538461536 0.019230769230769232
2 0.6334134615384616 0.7776442307692307 0.14903846153846154 0.037259615384615384
2 0.6706730769230769 0.8161057692307693 0.10216346153846154 0.028846153846153848
2 0.6959134615384616 0.8894230769230769 0.0625 0.036057692307692304
2 0.2800480769230769 0.09495192307692307 0.0733173076923077 0.020432692307692308
2 0.390625 0.16466346153846154 0.17908653846153846 0.109375
2 0.3858173076923077 0.2692307692307692 0.20793269230769232 0.07091346153846154