2 0.2920673076923077 0.7103365384615384 0.20673076923076922 0.0673076923076923
2 0.28725961538461536 0.8233173076923077 0.2127403846153846 0.10817307692307693
2 0.27163461538461536 0.9447115384615384 0.18870192307692307 0.08533653846153846
2 0.84375 0.25 0.07091346153846154 0.036057692307692304
2 0.71875 0.30649038461538464 0.1141826923076923 0.06129807692307692
2 0.49158653846153844 0.3629807692307692 0.07451923076923077 0.057692307692307696
2 0.8377403846153846 0.36538461538461536 0.12860576923076922 0.042067307692307696
2 0.671875 0.38100961538461536 0.05889423076923077 0.054086538461538464
2 0.39783653846153844 0.4639423076923077 0.2091346153846154 0.042067307692307696
2 0.3293269230769231 0.5336538461538461 0.18870192307692307 0.078125
2 0.453125 0.6201923076923077 0.04807692307692308 0.06009615384615385
2 0.31850961538461536 0.6322115384615384 0.17548076923076922 0.06971153846153846