3 0.3016826923076923 0.39783653846153844 0.03485576923076923 0.051682692307692304
3 0.4110576923076923 0.5252403846153846 0.038461538461538464 0.04807692307692308
3 0.8088942307692307 0.5576923076923077 0.140625 0.7524038461538461
3 0.9290865384615384 0.6117788461538461 0.06850961538461539 0.7175480769230769
3 0.5084134615384616 0.6346153846153846 0.040865384615384616 0.036057692307692304
3 0.8665865384615384 0.9771634615384616 0.03485576923076923 0.02403846153846154
3 0.7608173076923077 0.1466346153846154 0.08052884615384616 0.04326923076923077
3 0.19471153846153846 0.23918269230769232 0.0625 0.0889423076923077
3 0.28125 0.25841346153846156 0.09014423076923077 0.203125
3 0.38100961538461536 0.3016826923076923 0.09375 0.3701923076923077
3 0.4699519230769231 0.35096153846153844 0.06490384615384616 0.5024038461538461