2 0.13822115384615385 0.34134615384615385 0.06610576923076923 0.040865384615384616
2 0.21153846153846154 0.4266826923076923 0.15985576923076922 0.10697115384615384
2 0.24278846153846154 0.5072115384615384 0.19591346153846154 0.027644230769230768
2 0.13581730769230768 0.546875 0.028846153846153848 0.052884615384615384
2 0.2848557692307692 0.5612980769230769 0.13341346153846154 0.06009615384615385
2 0.4110576923076923 0.65625 0.07692307692307693 0.03245192307692308
2 0.2824519230769231 0.6574519230769231 0.16346153846153846 0.09134615384615384
2 0.484375 0.6694711538461539 0.04567307692307692 0.021634615384615384
2 0.3125 0.7608173076923077 0.1971153846153846 0.08533653846153846
2 0.4735576923076923 0.8461538461538461 0.1971153846153846 0.07091346153846154
2 0.8485576923076923 0.8533653846153846 0.054086538461538464 0.028846153846153848
2 0.08052884615384616 0.09014423076923077 0.042067307692307696 0.03485576923076923
2 0.7776442307692307 0.8762019230769231 0.0625 0.06009615384615385
2 0.6526442307692307 0.8966346153846154 0.140625 0.0889423076923077
2 0.46153846153846156 0.9158653846153846 0.17307692307692307 0.054086538461538464
2 0.5913461538461539 0.9579326923076923 0.16706730769230768 0.026442307692307692
2 0.12980769230769232 0.15504807692307693 0.109375 0.040865384615384616
2 0.15504807692307693 0.21634615384615385 0.15264423076923078 0.046875
2 0.18028846153846154 0.28365384615384615 0.18389423076923078 0.06370192307692307