0 0.2848557692307692 0.90625 0.037259615384615384 0.051682692307692304
0 0.4951923076923077 0.9086538461538461 0.19831730769230768 0.06971153846153846
0 0.8485576923076923 0.09134615384615384 0.08052884615384616 0.12980769230769232
0 0.47596153846153844 0.9699519230769231 0.09134615384615384 0.03125
0 0.8401442307692307 0.23197115384615385 0.171875 0.13822115384615385
0 0.6923076923076923 0.2848557692307692 0.04567307692307692 0.09975961538461539
0 0.8293269230769231 0.3629807692307692 0.1466346153846154 0.0829326923076923
0 0.6754807692307693 0.3954326923076923 0.1201923076923077 0.078125
0 0.8197115384615384 0.4723557692307692 0.09134615384615384 0.0889423076923077
0 0.6538461538461539 0.49158653846153844 0.19230769230769232 0.0829326923076923
0 0.8064903846153846 0.5793269230769231 0.054086538461538464 0.0625
0 0.6334134615384616 0.609375 0.23317307692307693 0.12980769230769232
0 0.5973557692307693 0.7295673076923077 0.23557692307692307 0.0889423076923077
0 0.5528846153846154 0.8245192307692307 0.26802884615384615 0.06009615384615385