2 0.6442307692307693 0.21754807692307693 0.04807692307692308 0.02283653846153846
2 0.875 0.22716346153846154 0.052884615384615384 0.03125
2 0.5877403846153846 0.24158653846153846 0.09014423076923077 0.02403846153846154
2 0.7079326923076923 0.25240384615384615 0.08052884615384616 0.02283653846153846
2 0.5673076923076923 0.2776442307692308 0.12860576923076922 0.04326923076923077
2 0.4483173076923077 0.2956730769230769 0.08052884615384616 0.04326923076923077
2 0.6862980769230769 0.32091346153846156 0.13221153846153846 0.02403846153846154
2 0.35336538461538464 0.35697115384615385 0.09735576923076923 0.028846153846153848
2 0.7295673076923077 0.37259615384615385 0.1466346153846154 0.06370192307692307
2 0.6117788461538461 0.3737980769230769 0.06971153846153846 0.03125
2 0.4483173076923077 0.39783653846153844 0.2127403846153846 0.04326923076923077
2 0.4483173076923077 0.44471153846153844 0.10576923076923077 0.037259615384615384
2 0.5901442307692307 0.48677884615384615 0.1141826923076923 0.07451923076923077
2 0.7271634615384616 0.4951923076923077 0.06009615384615385 0.042067307692307696
2 0.31490384615384615 0.4963942307692308 0.0673076923076923 0.018028846153846152
2 0.5024038461538461 0.4987980769230769 0.052884615384615384 0.02283653846153846
2 0.25240384615384615 0.5228365384615384 0.11057692307692307 0.028846153846153848
2 0.38341346153846156 0.5372596153846154 0.057692307692307696 0.010817307692307692
2 0.6105769230769231 0.5372596153846154 0.0889423076923077 0.018028846153846152
2 0.45072115384615385 0.5504807692307693 0.057692307692307696 0.06850961538461539
2 0.3137019230769231 0.5721153846153846 0.18509615384615385 0.04447115384615385
2 0.5336538461538461 0.6225961538461539 0.10817307692307693 0.042067307692307696
2 0.390625 0.6646634615384616 0.07091346153846154 0.010817307692307692
2 0.24879807692307693 0.6682692307692307 0.05048076923076923 0.019230769230769232
2 0.3605769230769231 0.6983173076923077 0.08533653846153846 0.040865384615384616
2 0.22956730769230768 0.7043269230769231 0.12620192307692307 0.015625
2 0.32572115384615385 0.7367788461538461 0.042067307692307696 0.018028846153846152
2 0.4543269230769231 0.7548076923076923 0.14543269230769232 0.036057692307692304
2 0.2536057692307692 0.8076923076923077 0.12740384615384615 0.04807692307692308
2 0.27283653846153844 0.8653846153846154 0.08413461538461539 0.051682692307692304
2 0.7271634615384616 0.09254807692307693 0.052884615384615384 0.019230769230769232
2 0.13581730769230768 0.9134615384615384 0.12620192307692307 0.056490384615384616
2 0.5552884615384616 0.125 0.10576923076923077 0.05048076923076923
2 0.6911057692307693 0.12980769230769232 0.10216346153846154 0.03365384615384615
2 0.8581730769230769 0.18990384615384615 0.03365384615384615 0.015625
2 0.7680288461538461 0.19951923076923078 0.12860576923076922 0.0673076923076923