2 0.5012019230769231 0.31009615384615385 0.21634615384615385 0.0673076923076923
2 0.4699519230769231 0.4098557692307692 0.14423076923076922 0.07572115384615384
2 0.42427884615384615 0.5 0.13581730769230768 0.08653846153846154
2 0.6262019230769231 0.06009615384615385 0.15384615384615385 0.051682692307692304
2 0.35216346153846156 0.578125 0.18509615384615385 0.055288461538461536
2 0.33413461538461536 0.6526442307692307 0.13942307692307693 0.04326923076923077
2 0.3449519230769231 0.7367788461538461 0.1778846153846154 0.08052884615384616
2 0.23076923076923078 0.8329326923076923 0.11538461538461539 0.0673076923076923
2 0.265625 0.9242788461538461 0.09375 0.0985576923076923
2 0.6213942307692307 0.12860576923076922 0.14543269230769232 0.0673076923076923
2 0.6033653846153846 0.2283653846153846 0.15504807692307693 0.0889423076923077