2 0.5240384615384616 0.6057692307692307 0.1466346153846154 0.03485576923076923
2 0.5396634615384616 0.6598557692307693 0.22235576923076922 0.04807692307692308
2 0.6189903846153846 0.7223557692307693 0.15144230769230768 0.04326923076923077
2 0.6021634615384616 0.7824519230769231 0.15264423076923078 0.04807692307692308
2 0.6526442307692307 0.8377403846153846 0.07692307692307693 0.025240384615384616
2 0.7331730769230769 0.9170673076923077 0.09615384615384616 0.05048076923076923
2 0.23798076923076922 0.11658653846153846 0.052884615384615384 0.0625
2 0.24879807692307693 0.17548076923076922 0.11899038461538461 0.03125
2 0.2439903846153846 0.23076923076923078 0.1814903846153846 0.05048076923076923
2 0.2860576923076923 0.28365384615384615 0.203125 0.030048076923076924
2 0.3401442307692308 0.32211538461538464 0.2127403846153846 0.03365384615384615
2 0.3545673076923077 0.3701923076923077 0.21514423076923078 0.03485576923076923
2 0.38822115384615385 0.41947115384615385 0.20192307692307693 0.040865384615384616
2 0.45072115384615385 0.4807692307692308 0.15865384615384615 0.052884615384615384
2 0.46875 0.5516826923076923 0.16826923076923078 0.05048076923076923