0 0.4639423076923077 0.052884615384615384 0.021634615384615384 0.04927884615384615
0 0.5132211538461539 0.5673076923076923 0.296875 0.078125
0 0.4411057692307692 0.6502403846153846 0.2800480769230769 0.07451923076923077
0 0.36899038461538464 0.7391826923076923 0.21995192307692307 0.08413461538461539
0 0.8653846153846154 0.07692307692307693 0.13942307692307693 0.0673076923076923
0 0.24639423076923078 0.8365384615384616 0.17067307692307693 0.07211538461538461
0 0.13822115384615385 0.9387019230769231 0.125 0.09975961538461539
0 0.4891826923076923 0.12379807692307693 0.037259615384615384 0.0673076923076923
0 0.828125 0.15384615384615385 0.22235576923076922 0.07451923076923077
0 0.5168269230769231 0.21153846153846154 0.038461538461538464 0.06370192307692307
0 0.7896634615384616 0.23197115384615385 0.2956730769230769 0.06009615384615385
0 0.5384615384615384 0.29086538461538464 0.04447115384615385 0.04447115384615385
0 0.7415865384615384 0.31971153846153844 0.3173076923076923 0.07932692307692307
0 0.6646634615384616 0.39903846153846156 0.32572115384615385 0.07692307692307693
0 0.5793269230769231 0.47716346153846156 0.296875 0.056490384615384616