4 0.08173076923076923 0.1971153846153846 0.16346153846153846 0.05889423076923077
4 0.14182692307692307 0.2800480769230769 0.2644230769230769 0.06850961538461539
4 0.24639423076923078 0.34975961538461536 0.3125 0.04807692307692308
4 0.36899038461538464 0.41346153846153844 0.30649038461538464 0.04807692307692308
4 0.47115384615384615 0.4831730769230769 0.22115384615384615 0.056490384615384616
4 0.5973557692307693 0.5480769230769231 0.3269230769230769 0.04447115384615385
4 0.734375 0.6057692307692307 0.3269230769230769 0.042067307692307696
4 0.8425480769230769 0.6646634615384616 0.3137019230769231 0.039663461538461536
4 0.8762019230769231 0.7259615384615384 0.24278846153846154 0.052884615384615384
4 0.9278846153846154 0.7764423076923077 0.13942307692307693 0.02403846153846154
4 0.8004807692307693 0.9230769230769231 0.2512019230769231 0.08774038461538461