4 0.056490384615384616 0.21754807692307693 0.11298076923076923 0.08173076923076923
4 0.15264423076923078 0.30528846153846156 0.30408653846153844 0.08653846153846154
4 0.23918269230769232 0.38461538461538464 0.30288461538461536 0.055288461538461536
4 0.4338942307692308 0.40024038461538464 0.052884615384615384 0.02283653846153846
4 0.17668269230769232 0.4254807692307692 0.10216346153846154 0.016826923076923076
4 0.42908653846153844 0.42788461538461536 0.08173076923076923 0.015625
4 0.4014423076923077 0.47596153846153844 0.2704326923076923 0.07451923076923077
4 0.6262019230769231 0.4963942307692308 0.04447115384615385 0.026442307692307692
4 0.6574519230769231 0.5528846153846154 0.055288461538461536 0.02283653846153846
4 0.5288461538461539 0.5612980769230769 0.13581730769230768 0.0829326923076923
4 0.671875 0.5865384615384616 0.1045673076923077 0.03245192307692308
4 0.8064903846153846 0.6370192307692307 0.08533653846153846 0.028846153846153848
4 0.6622596153846154 0.6466346153846154 0.11538461538461539 0.042067307692307696
4 0.6730769230769231 0.7019230769230769 0.1310096153846154 0.04807692307692308
4 0.8509615384615384 0.7055288461538461 0.203125 0.10216346153846154
4 0.9326923076923077 0.7740384615384616 0.125 0.02403846153846154