2 0.7524038461538461 0.27283653846153844 0.019230769230769232 0.021634615384615384
2 0.6947115384615384 0.28125 0.02403846153846154 0.02403846153846154
2 0.7367788461538461 0.3112980769230769 0.04447115384615385 0.021634615384615384
2 0.6237980769230769 0.32091346153846156 0.013221153846153846 0.03485576923076923
2 0.5637019230769231 0.34615384615384615 0.09495192307692307 0.039663461538461536
2 0.7331730769230769 0.375 0.036057692307692304 0.04326923076923077
2 0.7740384615384616 0.3798076923076923 0.042067307692307696 0.052884615384615384
2 0.5372596153846154 0.38221153846153844 0.040865384615384616 0.019230769230769232
2 0.6322115384615384 0.4375 0.055288461538461536 0.027644230769230768
2 0.7475961538461539 0.4519230769230769 0.04447115384615385 0.027644230769230768
2 0.5552884615384616 0.46875 0.08774038461538461 0.07692307692307693
2 0.7536057692307693 0.5252403846153846 0.038461538461538464 0.02403846153846154
2 0.5733173076923077 0.05889423076923077 0.04927884615384615 0.020432692307692308
2 0.5516826923076923 0.5769230769230769 0.09615384615384616 0.04326923076923077
2 0.7463942307692307 0.6045673076923077 0.018028846153846152 0.054086538461538464
2 0.8413461538461539 0.6262019230769231 0.030048076923076924 0.040865384615384616
2 0.5625 0.6418269230769231 0.11899038461538461 0.06610576923076923
2 0.7764423076923077 0.6959134615384616 0.019230769230769232 0.03485576923076923
2 0.5697115384615384 0.7199519230769231 0.140625 0.0733173076923077
2 0.8533653846153846 0.7632211538461539 0.028846153846153848 0.15985576923076922
2 0.7223557692307693 0.8125 0.04567307692307692 0.04447115384615385
2 0.6081730769230769 0.8485576923076923 0.10697115384615384 0.051682692307692304
2 0.7728365384615384 0.8629807692307693 0.027644230769230768 0.052884615384615384
2 0.8978365384615384 0.9086538461538461 0.016826923076923076 0.07692307692307693
2 0.5372596153846154 0.9254807692307693 0.07572115384615384 0.04567307692307692
2 0.5516826923076923 0.10817307692307693 0.055288461538461536 0.040865384615384616
2 0.4795673076923077 0.12259615384615384 0.042067307692307696 0.02403846153846154
2 0.703125 0.1310096153846154 0.04567307692307692 0.03365384615384615
2 0.5072115384615384 0.15625 0.051682692307692304 0.026442307692307692
2 0.5877403846153846 0.15985576923076922 0.06490384615384616 0.04447115384615385
2 0.6754807692307693 0.1814903846153846 0.05048076923076923 0.028846153846153848
2 0.5588942307692307 0.021634615384615384 0.021634615384615384 0.03485576923076923
2 0.5132211538461539 0.23197115384615385 0.03365384615384615 0.018028846153846152
2 0.5997596153846154 0.23918269230769232 0.04807692307692308 0.02403846153846154
2 0.5204326923076923 0.2620192307692308 0.06850961538461539 0.03245192307692308