0 0.6875 0.5793269230769231 0.10817307692307693 0.06129807692307692
0 0.7512019230769231 0.6466346153846154 0.05889423076923077 0.052884615384615384
0 0.8221153846153846 0.6826923076923077 0.039663461538461536 0.13221153846153846
0 0.875 0.7391826923076923 0.04326923076923077 0.11177884615384616
0 0.9254807692307693 0.7920673076923077 0.038461538461538464 0.0829326923076923
0 0.9699519230769231 0.8353365384615384 0.028846153846153848 0.06370192307692307
0 0.12860576923076922 0.09975961538461539 0.12139423076923077 0.125
0 0.24158653846153846 0.15625 0.07572115384615384 0.1935096153846154
0 0.3112980769230769 0.17908653846153846 0.055288461538461536 0.14543269230769232
0 0.36899038461538464 0.20072115384615385 0.040865384615384616 0.09375
0 0.17548076923076922 0.203125 0.037259615384615384 0.056490384615384616
0 0.26322115384615385 0.2776442307692308 0.030048076923076924 0.030048076923076924
0 0.3449519230769231 0.30408653846153844 0.07572115384615384 0.09014423076923077
0 0.42908653846153844 0.3137019230769231 0.06129807692307692 0.21875
0 0.49158653846153844 0.3245192307692308 0.042067307692307696 0.12379807692307693
0 0.5865384615384616 0.4675480769230769 0.11899038461538461 0.11298076923076923
0 0.6754807692307693 0.484375 0.037259615384615384 0.06129807692307692