2 0.11658653846153846 0.27403846153846156 0.14423076923076922 0.08533653846153846
2 0.5649038461538461 0.296875 0.20432692307692307 0.07091346153846154
2 0.0625 0.37740384615384615 0.11538461538461539 0.042067307692307696
2 0.6887019230769231 0.39302884615384615 0.2704326923076923 0.07692307692307693
2 0.25961538461538464 0.040865384615384616 0.14182692307692307 0.07451923076923077
2 0.6117788461538461 0.48677884615384615 0.29927884615384615 0.0673076923076923
2 0.7752403846153846 0.5901442307692307 0.19230769230769232 0.10697115384615384
2 0.7596153846153846 0.7043269230769231 0.2283653846153846 0.07451923076923077
2 0.9302884615384616 0.7139423076923077 0.07091346153846154 0.04807692307692308
2 0.9002403846153846 0.8004807692307693 0.19471153846153846 0.09134615384615384
2 0.6959134615384616 0.8112980769230769 0.12620192307692307 0.05889423076923077
2 0.9002403846153846 0.8930288461538461 0.19471153846153846 0.055288461538461536
2 0.9555288461538461 0.953125 0.08413461538461539 0.040865384615384616
2 0.41586538461538464 0.10096153846153846 0.12740384615384615 0.06490384615384616
2 0.4699519230769231 0.17067307692307693 0.18509615384615385 0.06009615384615385