3 0.65625 0.36899038461538464 0.03485576923076923 0.25841346153846156
3 0.7379807692307693 0.4735576923076923 0.07932692307692307 0.25841346153846156
3 0.8149038461538461 0.4951923076923077 0.036057692307692304 0.17067307692307693
3 0.8653846153846154 0.5228365384615384 0.042067307692307696 0.10817307692307693
3 0.4387019230769231 0.5661057692307693 0.48677884615384615 0.0733173076923077
3 0.9495192307692307 0.6766826923076923 0.013221153846153846 0.14423076923076922
3 0.42908653846153844 0.6826923076923077 0.109375 0.09375
3 0.7103365384615384 0.7091346153846154 0.41947115384615385 0.14182692307692307
3 0.6105769230769231 0.828125 0.04447115384615385 0.038461538461538464
3 0.8088942307692307 0.8677884615384616 0.33774038461538464 0.09495192307692307
3 0.27524038461538464 0.24879807692307693 0.32572115384615385 0.4891826923076923
3 0.46875 0.26802884615384615 0.040865384615384616 0.46033653846153844
3 0.5300480769230769 0.28966346153846156 0.05048076923076923 0.3293269230769231
3 0.5925480769230769 0.3245192307692308 0.046875 0.3112980769230769