2 0.27163461538461536 0.28365384615384615 0.25600961538461536 0.07692307692307693
2 0.30408653846153844 0.35216346153846156 0.2127403846153846 0.042067307692307696
2 0.4014423076923077 0.41586538461538464 0.21033653846153846 0.04807692307692308
2 0.43028846153846156 0.47716346153846156 0.1814903846153846 0.04326923076923077
2 0.5072115384615384 0.5504807692307693 0.22716346153846154 0.0673076923076923
2 0.5276442307692307 0.6298076923076923 0.20192307692307693 0.06370192307692307
2 0.5865384615384616 0.6971153846153846 0.16947115384615385 0.056490384615384616
2 0.6430288461538461 0.7608173076923077 0.19831730769230768 0.038461538461538464
2 0.7572115384615384 0.8329326923076923 0.09014423076923077 0.06129807692307692
2 0.7992788461538461 0.8858173076923077 0.025240384615384616 0.026442307692307692
2 0.23557692307692307 0.20072115384615385 0.21394230769230768 0.07211538461538461