2 0.7043269230769231 0.2764423076923077 0.5697115384615384 0.0673076923076923
2 0.5144230769230769 0.3473557692307692 0.5733173076923077 0.07932692307692307
2 0.6923076923076923 0.42427884615384615 0.4110576923076923 0.06850961538461539
2 0.38341346153846156 0.4879807692307692 0.21514423076923078 0.055288461538461536
2 0.6887019230769231 0.49038461538461536 0.25 0.036057692307692304
2 0.6514423076923077 0.5661057692307693 0.14903846153846154 0.08533653846153846
2 0.37740384615384615 0.6682692307692307 0.3954326923076923 0.1346153846153846
2 0.31971153846153844 0.7980769230769231 0.41346153846153844 0.08533653846153846
2 0.23798076923076922 0.9122596153846154 0.3076923076923077 0.12139423076923077
2 0.6862980769230769 0.11538461538461539 0.24639423076923078 0.042067307692307696
2 0.9338942307692307 0.13341346153846154 0.12740384615384615 0.12259615384615384
2 0.6466346153846154 0.17427884615384615 0.3786057692307692 0.06850961538461539