2 0.5372596153846154 0.33052884615384615 0.17427884615384615 0.051682692307692304
2 0.4375 0.39783653846153844 0.20673076923076922 0.046875
2 0.5552884615384616 0.04567307692307692 0.1622596153846154 0.046875
2 0.4675480769230769 0.453125 0.12740384615384615 0.037259615384615384
2 0.4110576923076923 0.515625 0.2512019230769231 0.056490384615384616
2 0.40625 0.6069711538461539 0.265625 0.06370192307692307
2 0.36778846153846156 0.6875 0.21153846153846154 0.07572115384615384
2 0.3701923076923077 0.7764423076923077 0.19230769230769232 0.07451923076923077
2 0.3858173076923077 0.8605769230769231 0.1502403846153846 0.07692307692307693
2 0.6225961538461539 0.1201923076923077 0.10096153846153846 0.0673076923076923
2 0.44471153846153844 0.14302884615384615 0.14543269230769232 0.03125
2 0.5625 0.19951923076923078 0.16346153846153846 0.05048076923076923
2 0.49158653846153844 0.2704326923076923 0.22716346153846154 0.04807692307692308