3 0.9603365384615384 0.4230769230769231 0.04326923076923077 0.08052884615384616
3 0.6862980769230769 0.4807692307692308 0.3473557692307692 0.5216346153846154
3 0.25240384615384615 0.48197115384615385 0.014423076923076924 0.1310096153846154
3 0.4519230769230769 0.4831730769230769 0.11057692307692307 0.4050480769230769
3 0.3425480769230769 0.5384615384615384 0.0985576923076923 0.359375
3 0.2668269230769231 0.5649038461538461 0.006009615384615385 0.24519230769230768
3 0.27884615384615385 0.5793269230769231 0.009615384615384616 0.35096153846153844
3 0.109375 0.5829326923076923 0.056490384615384616 0.03125
3 0.8966346153846154 0.5901442307692307 0.06129807692307692 0.4651442307692308
3 0.9663461538461539 0.6490384615384616 0.0625 0.34615384615384615
3 0.08653846153846154 0.6923076923076923 0.11177884615384616 0.15745192307692307
3 0.5108173076923077 0.0733173076923077 0.06009615384615385 0.1346153846153846
3 0.6274038461538461 0.8810096153846154 0.07091346153846154 0.04447115384615385
3 0.78125 0.8930288461538461 0.08413461538461539 0.04807692307692308
3 0.7067307692307693 0.17668269230769232 0.21995192307692307 0.04927884615384615
3 0.5564903846153846 0.18870192307692307 0.052884615384615384 0.02283653846153846
3 0.49399038461538464 0.21153846153846154 0.019230769230769232 0.037259615384615384
3 0.4675480769230769 0.2536057692307692 0.06129807692307692 0.03125
3 0.8810096153846154 0.2932692307692308 0.025240384615384616 0.08173076923076923
3 0.36778846153846156 0.33653846153846156 0.03365384615384615 0.028846153846153848