4 0.7620192307692307 0.23317307692307693 0.0985576923076923 0.140625
4 0.08653846153846154 0.2644230769230769 0.1045673076923077 0.17067307692307693
4 0.29086538461538464 0.3557692307692308 0.07091346153846154 0.1466346153846154
4 0.48677884615384615 0.3954326923076923 0.036057692307692304 0.0985576923076923
4 0.4026442307692308 0.40384615384615385 0.1201923076923077 0.21033653846153846
4 0.8521634615384616 0.4050480769230769 0.0985576923076923 0.11177884615384616
4 0.7067307692307693 0.47596153846153844 0.030048076923076924 0.0733173076923077
4 0.6262019230769231 0.49038461538461536 0.11658653846153846 0.18269230769230768
4 0.5360576923076923 0.5180288461538461 0.046875 0.12379807692307693
4 0.7788461538461539 0.6262019230769231 0.14903846153846154 0.1875
4 0.6057692307692307 0.07572115384615384 0.10096153846153846 0.13221153846153846
4 0.8930288461538461 0.7019230769230769 0.054086538461538464 0.21394230769230768