4 0.5817307692307693 0.20192307692307693 0.06850961538461539 0.04447115384615385
4 0.43990384615384615 0.21394230769230768 0.1814903846153846 0.055288461538461536
4 0.3449519230769231 0.28125 0.05889423076923077 0.038461538461538464
4 0.5108173076923077 0.32091346153846156 0.0889423076923077 0.037259615384615384
4 0.4110576923076923 0.3545673076923077 0.07091346153846154 0.015625
4 0.5036057692307693 0.38461538461538464 0.09495192307692307 0.039663461538461536
4 0.3954326923076923 0.421875 0.0985576923076923 0.026442307692307692
4 0.5276442307692307 0.4375 0.06129807692307692 0.03245192307692308
4 0.30408653846153844 0.4483173076923077 0.04807692307692308 0.036057692307692304
4 0.39663461538461536 0.4987980769230769 0.07211538461538461 0.04447115384615385
4 0.5240384615384616 0.5264423076923077 0.06610576923076923 0.04447115384615385
4 0.2932692307692308 0.5360576923076923 0.07692307692307693 0.02403846153846154
4 0.30288461538461536 0.5552884615384616 0.06370192307692307 0.018028846153846152
4 0.27403846153846156 0.6021634615384616 0.08774038461538461 0.030048076923076924
4 0.3870192307692308 0.6526442307692307 0.09254807692307693 0.028846153846153848
4 0.47596153846153844 0.7415865384615384 0.05889423076923077 0.03125
4 0.46875 0.8004807692307693 0.07572115384615384 0.03245192307692308
4 0.3581730769230769 0.8125 0.04447115384615385 0.04927884615384615
4 0.46153846153846156 0.8930288461538461 0.039663461538461536 0.039663461538461536
4 0.38341346153846156 0.96875 0.1346153846153846 0.052884615384615384
4 0.421875 0.13942307692307693 0.16346153846153846 0.06971153846153846