2 0.3076923076923077 0.41225961538461536 0.14302884615384615 0.09134615384615384
2 0.44350961538461536 0.49038461538461536 0.14302884615384615 0.08052884615384616
2 0.28966346153846156 0.5360576923076923 0.10817307692307693 0.11298076923076923
2 0.4362980769230769 0.6009615384615384 0.12740384615384615 0.06971153846153846
2 0.2860576923076923 0.6189903846153846 0.11177884615384616 0.039663461538461536
2 0.3161057692307692 0.6899038461538461 0.18990384615384615 0.07572115384615384
2 0.4675480769230769 0.7079326923076923 0.11298076923076923 0.04567307692307692
2 0.41466346153846156 0.7596153846153846 0.08533653846153846 0.037259615384615384
2 0.2860576923076923 0.8028846153846154 0.1502403846153846 0.08774038461538461
2 0.38461538461538464 0.8786057692307693 0.1310096153846154 0.040865384615384616
2 0.3629807692307692 0.21394230769230768 0.17307692307692307 0.09975961538461539
2 0.3317307692307692 0.3125 0.2620192307692308 0.08653846153846154