2 0.43028846153846156 0.49759615384615385 0.15625 0.038461538461538464
2 0.40024038461538464 0.5504807692307693 0.08413461538461539 0.05048076923076923
2 0.4182692307692308 0.6213942307692307 0.13341346153846154 0.08052884615384616
2 0.4411057692307692 0.6935096153846154 0.17548076923076922 0.05048076923076923
2 0.47115384615384615 0.7536057692307693 0.16346153846153846 0.04326923076923077
2 0.4963942307692308 0.8161057692307693 0.12860576923076922 0.05048076923076923
2 0.609375 0.9170673076923077 0.09615384615384616 0.04326923076923077
2 0.6237980769230769 0.24278846153846154 0.125 0.04807692307692308
2 0.5492788461538461 0.2932692307692308 0.16105769230769232 0.038461538461538464
2 0.5060096153846154 0.36538461538461536 0.14903846153846154 0.040865384615384616
2 0.4423076923076923 0.44471153846153844 0.14423076923076922 0.04447115384615385