2 0.30288461538461536 0.3545673076923077 0.125 0.056490384615384616
2 0.375 0.44350961538461536 0.25841346153846156 0.06490384615384616
2 0.3918269230769231 0.5204326923076923 0.24158653846153846 0.06370192307692307
2 0.2608173076923077 0.05889423076923077 0.16105769230769232 0.06490384615384616
2 0.4014423076923077 0.5961538461538461 0.23317307692307693 0.055288461538461536
2 0.44711538461538464 0.6634615384615384 0.18990384615384615 0.054086538461538464
2 0.4423076923076923 0.7355769230769231 0.203125 0.06610576923076923
2 0.46875 0.8257211538461539 0.1310096153846154 0.07932692307692307
2 0.5036057692307693 0.9134615384615384 0.14543269230769232 0.06370192307692307
2 0.234375 0.10817307692307693 0.06850961538461539 0.02403846153846154
2 0.3269230769230769 0.1346153846153846 0.11298076923076923 0.052884615384615384
2 0.22596153846153846 0.18028846153846154 0.07091346153846154 0.052884615384615384
2 0.3701923076923077 0.20793269230769232 0.13942307692307693 0.042067307692307696
2 0.23798076923076922 0.2608173076923077 0.09735576923076923 0.054086538461538464
2 0.41346153846153844 0.29927884615384615 0.15384615384615385 0.055288461538461536