0 0.8449519230769231 0.3137019230769231 0.25600961538461536 0.4567307692307692
0 0.5564903846153846 0.34615384615384615 0.27884615384615385 0.17067307692307693
0 0.44471153846153844 0.5120192307692307 0.25240384615384615 0.15745192307692307
0 0.6358173076923077 0.515625 0.06971153846153846 0.12620192307692307
0 0.9495192307692307 0.6033653846153846 0.019230769230769232 0.07572115384615384
0 0.8894230769230769 0.6766826923076923 0.052884615384615384 0.14182692307692307
0 0.31850961538461536 0.7824519230769231 0.171875 0.3233173076923077
0 0.5180288461538461 0.7932692307692307 0.14543269230769232 0.35216346153846156
0 0.8341346153846154 0.7992788461538461 0.040865384615384616 0.22355769230769232
0 0.7536057692307693 0.8581730769230769 0.10697115384615384 0.2608173076923077
0 0.17307692307692307 0.8930288461538461 0.06009615384615385 0.13822115384615385
0 0.6069711538461539 0.13942307692307693 0.140625 0.19110576923076922