4 0.2764423076923077 0.19831730769230768 0.15144230769230768 0.03485576923076923
4 0.056490384615384616 0.21514423076923078 0.11298076923076923 0.039663461538461536
4 0.5264423076923077 0.22716346153846154 0.14543269230769232 0.08052884615384616
4 0.11658653846153846 0.28966346153846156 0.17668269230769232 0.056490384615384616
4 0.5961538461538461 0.34375 0.10216346153846154 0.042067307692307696
4 0.5925480769230769 0.3942307692307692 0.09375 0.02403846153846154
4 0.20072115384615385 0.40625 0.12259615384615384 0.051682692307692304
4 0.1778846153846154 0.04326923076923077 0.21754807692307693 0.06490384615384616
4 0.6057692307692307 0.4362980769230769 0.09975961538461539 0.026442307692307692
4 0.6814903846153846 0.4891826923076923 0.15144230769230768 0.02403846153846154
4 0.6586538461538461 0.5432692307692307 0.24639423076923078 0.040865384615384616
4 0.36538461538461536 0.5685096153846154 0.16706730769230768 0.08413461538461539
4 0.6899038461538461 0.6009615384615384 0.14903846153846154 0.04447115384615385
4 0.7740384615384616 0.6658653846153846 0.1346153846153846 0.03485576923076923
4 0.4951923076923077 0.7175480769230769 0.10216346153846154 0.08774038461538461
4 0.8473557692307693 0.7403846153846154 0.19951923076923078 0.057692307692307696
4 0.4807692307692308 0.8088942307692307 0.15504807692307693 0.056490384615384616
4 0.8533653846153846 0.8401442307692307 0.1310096153846154 0.05048076923076923
4 0.6117788461538461 0.9146634615384616 0.15264423076923078 0.03485576923076923
4 0.49158653846153844 0.12980769230769232 0.07572115384615384 0.056490384615384616