4 0.44711538461538464 0.1310096153846154 0.09134615384615384 0.06370192307692307
4 0.6141826923076923 0.15745192307692307 0.1346153846153846 0.03365384615384615
4 0.5564903846153846 0.2091346153846154 0.16346153846153846 0.04567307692307692
4 0.38461538461538464 0.21394230769230768 0.09014423076923077 0.08533653846153846
4 0.8449519230769231 0.28846153846153844 0.140625 0.057692307692307696
4 0.32091346153846156 0.28846153846153844 0.06009615384615385 0.07572115384615384
4 0.3858173076923077 0.3485576923076923 0.0625 0.038461538461538464
4 0.7379807692307693 0.3737980769230769 0.18269230769230768 0.06129807692307692
4 0.3545673076923077 0.40024038461538464 0.08413461538461539 0.04807692307692308
4 0.5264423076923077 0.41586538461538464 0.11658653846153846 0.078125
4 0.21514423076923078 0.4338942307692308 0.11899038461538461 0.06971153846153846
4 0.6754807692307693 0.44591346153846156 0.14302884615384615 0.057692307692307696
4 0.44471153846153844 0.47836538461538464 0.09615384615384616 0.038461538461538464
4 0.59375 0.5108173076923077 0.16466346153846154 0.06370192307692307
4 0.13581730769230768 0.5372596153846154 0.0889423076923077 0.08774038461538461
4 0.734375 0.5673076923076923 0.09134615384615384 0.020432692307692308
4 0.6935096153846154 0.07572115384615384 0.09495192307692307 0.04927884615384615
4 0.18269230769230768 0.8822115384615384 0.06850961538461539 0.056490384615384616
4 0.030048076923076924 0.9134615384615384 0.04927884615384615 0.030048076923076924