3 0.38461538461538464 0.04326923076923077 0.20192307692307693 0.0673076923076923
3 0.6598557692307693 0.4387019230769231 0.11538461538461539 0.04567307692307692
3 0.4879807692307692 0.4891826923076923 0.20072115384615385 0.14302884615384615
3 0.20673076923076922 0.5036057692307693 0.3125 0.31850961538461536
3 0.021634615384615384 0.6045673076923077 0.04326923076923077 0.24519230769230768
3 0.2403846153846154 0.06850961538461539 0.078125 0.0625
3 0.1201923076923077 0.7716346153846154 0.09735576923076923 0.19591346153846154
3 0.03245192307692308 0.78125 0.05048076923076923 0.06610576923076923
3 0.6189903846153846 0.08413461538461539 0.018028846153846152 0.09975961538461539
3 0.5576923076923077 0.0889423076923077 0.08413461538461539 0.14302884615384615
3 0.3112980769230769 0.13581730769230768 0.3798076923076923 0.057692307692307696
3 0.09254807692307693 0.15264423076923078 0.052884615384615384 0.027644230769230768
3 0.6742788461538461 0.21634615384615385 0.08413461538461539 0.34134615384615385
3 0.5528846153846154 0.2439903846153846 0.14302884615384615 0.13341346153846154
3 0.24639423076923078 0.25240384615384615 0.4495192307692308 0.14783653846153846
3 0.41225961538461536 0.359375 0.06971153846153846 0.028846153846153848