3 0.9338942307692307 0.41346153846153844 0.11538461538461539 0.4807692307692308
3 0.6069711538461539 0.4579326923076923 0.3389423076923077 0.1658653846153846
3 0.1502403846153846 0.4735576923076923 0.28846153846153844 0.2704326923076923
3 0.8245192307692307 0.5456730769230769 0.06610576923076923 0.28846153846153844
3 0.49158653846153844 0.055288461538461536 0.03245192307692308 0.038461538461538464
3 0.8100961538461539 0.07451923076923077 0.3088942307692308 0.14903846153846154
3 0.9266826923076923 0.7475961538461539 0.14182692307692307 0.11538461538461539
3 0.09375 0.7596153846153846 0.16706730769230768 0.15625
3 0.40024038461538464 0.8557692307692307 0.12620192307692307 0.140625
3 0.17067307692307693 0.9387019230769231 0.3125 0.11778846153846154
3 0.5793269230769231 0.10096153846153846 0.12379807692307693 0.15144230769230768
3 0.43990384615384615 0.1201923076923077 0.12740384615384615 0.042067307692307696
3 0.5084134615384616 0.19230769230769232 0.013221153846153846 0.0829326923076923
3 0.4050480769230769 0.23918269230769232 0.17908653846153846 0.14783653846153846
3 0.7716346153846154 0.27403846153846156 0.18990384615384615 0.1658653846153846
3 0.20192307692307693 0.28365384615384615 0.21754807692307693 0.06009615384615385