4 0.17067307692307693 0.22235576923076922 0.24278846153846154 0.03485576923076923
4 0.14543269230769232 0.2668269230769231 0.11298076923076923 0.040865384615384616
4 0.1502403846153846 0.31490384615384615 0.08173076923076923 0.03245192307692308
4 0.33533653846153844 0.31971153846153844 0.0985576923076923 0.04447115384615385
4 0.17668269230769232 0.3557692307692308 0.09375 0.02403846153846154
4 0.27403846153846156 0.36899038461538464 0.06370192307692307 0.02283653846153846
4 0.39663461538461536 0.37259615384615385 0.051682692307692304 0.013221153846153846
4 0.40625 0.39903846153846156 0.052884615384615384 0.019230769230769232
4 0.328125 0.42908653846153844 0.1045673076923077 0.027644230769230768
4 0.4699519230769231 0.4387019230769231 0.06009615384615385 0.020432692307692308
4 0.25600961538461536 0.46634615384615385 0.06009615384615385 0.021634615384615384
4 0.38822115384615385 0.49399038461538464 0.042067307692307696 0.016826923076923076
4 0.46634615384615385 0.4987980769230769 0.052884615384615384 0.015625
4 0.4230769230769231 0.5144230769230769 0.052884615384615384 0.015625
4 0.5588942307692307 0.53125 0.0673076923076923 0.030048076923076924
4 0.34134615384615385 0.5408653846153846 0.06850961538461539 0.015625
4 0.3401442307692308 0.5673076923076923 0.05889423076923077 0.014423076923076924
4 0.38822115384615385 0.6358173076923077 0.07692307692307693 0.03485576923076923
4 0.6165865384615384 0.6634615384615384 0.0985576923076923 0.03245192307692308
4 0.47836538461538464 0.7019230769230769 0.08653846153846154 0.02283653846153846
4 0.6947115384615384 0.7307692307692307 0.1045673076923077 0.03365384615384615
4 0.47475961538461536 0.7319711538461539 0.078125 0.018028846153846152
4 0.7680288461538461 0.7980769230769231 0.05889423076923077 0.026442307692307692
4 0.6478365384615384 0.8112980769230769 0.09014423076923077 0.039663461538461536
4 0.6021634615384616 0.8774038461538461 0.08533653846153846 0.028846153846153848
4 0.8209134615384616 0.8894230769230769 0.07932692307692307 0.026442307692307692
4 0.7055288461538461 0.9146634615384616 0.09495192307692307 0.037259615384615384
4 0.7824519230769231 0.9699519230769231 0.078125 0.055288461538461536
4 0.07211538461538461 0.13581730769230768 0.13701923076923078 0.03485576923076923
4 0.109375 0.17908653846153846 0.18990384615384615 0.036057692307692304