1 0.71875 0.2644230769230769 0.3161057692307692 0.13341346153846154
1 0.4206730769230769 0.31971153846153844 0.20552884615384615 0.08533653846153846
1 0.8786057692307693 0.4182692307692308 0.2283653846153846 0.12980769230769232
1 0.5685096153846154 0.42908653846153844 0.30649038461538464 0.0985576923076923
1 0.22355769230769232 0.04447115384615385 0.23557692307692307 0.07091346153846154
1 0.6201923076923077 0.5288461538461539 0.25600961538461536 0.06490384615384616
1 0.6959134615384616 0.6069711538461539 0.23677884615384615 0.06490384615384616
1 0.7584134615384616 0.6959134615384616 0.19230769230769232 0.09254807692307693
1 0.24879807692307693 0.8245192307692307 0.125 0.33413461538461536
1 0.8209134615384616 0.8497596153846154 0.16346153846153846 0.1658653846153846
1 0.7367788461538461 0.09975961538461539 0.34375 0.17067307692307693
1 0.38221153846153844 0.17908653846153846 0.27283653846153844 0.15985576923076922