2 0.4891826923076923 0.234375 0.052884615384615384 0.028846153846153848
2 0.4675480769230769 0.2776442307692308 0.0733173076923077 0.03245192307692308
2 0.4795673076923077 0.3076923076923077 0.026442307692307692 0.016826923076923076
2 0.4074519230769231 0.3269230769230769 0.09735576923076923 0.04927884615384615
2 0.5348557692307693 0.35697115384615385 0.027644230769230768 0.0829326923076923
2 0.4675480769230769 0.4326923076923077 0.11298076923076923 0.05048076923076923
2 0.35096153846153844 0.44711538461538464 0.04927884615384615 0.04326923076923077
2 0.4098557692307692 0.5060096153846154 0.16706730769230768 0.056490384615384616
2 0.390625 0.5853365384615384 0.17067307692307693 0.07451923076923077
2 0.35697115384615385 0.6694711538461539 0.24879807692307693 0.07091346153846154
2 0.2932692307692308 0.7367788461538461 0.1141826923076923 0.028846153846153848