0 0.2692307692307692 0.9158653846153846 0.453125 0.16346153846153846
0 0.84375 0.125 0.2644230769230769 0.06129807692307692
0 0.8149038461538461 0.2091346153846154 0.3173076923076923 0.07451923076923077
0 0.34134615384615385 0.2668269230769231 0.0625 0.22235576923076922
0 0.6670673076923077 0.296875 0.23798076923076922 0.07932692307692307
0 0.8846153846153846 0.30528846153846156 0.1778846153846154 0.07572115384615384
0 0.5264423076923077 0.38341346153846156 0.15144230769230768 0.078125
0 0.8617788461538461 0.3918269230769231 0.27163461538461536 0.0625
0 0.3545673076923077 0.4338942307692308 0.054086538461538464 0.046875
0 0.4543269230769231 0.4639423076923077 0.05889423076923077 0.06490384615384616
0 0.9459134615384616 0.4675480769230769 0.052884615384615384 0.06009615384615385
0 0.8485576923076923 0.5180288461538461 0.08173076923076923 0.15144230769230768
0 0.6466346153846154 0.5228365384615384 0.30288461538461536 0.1310096153846154
0 0.3713942307692308 0.5456730769230769 0.1045673076923077 0.08653846153846154
0 0.8713942307692307 0.06129807692307692 0.19471153846153846 0.056490384615384616
0 0.33052884615384615 0.625 0.140625 0.040865384615384616
0 0.7091346153846154 0.6466346153846154 0.15625 0.08413461538461539
0 0.5288461538461539 0.6646634615384616 0.15264423076923078 0.1045673076923077
0 0.25240384615384615 0.6826923076923077 0.125 0.06009615384615385
0 0.18028846153846154 0.7668269230769231 0.07091346153846154 0.078125
0 0.41466346153846156 0.7740384615384616 0.12620192307692307 0.0985576923076923
0 0.6141826923076923 0.7932692307692307 0.036057692307692304 0.1201923076923077
0 0.5528846153846154 0.8245192307692307 0.06850961538461539 0.16706730769230768
0 0.3112980769230769 0.08533653846153846 0.06129807692307692 0.1045673076923077