1 0.40024038461538464 0.5865384615384616 0.12259615384615384 0.10216346153846154
1 0.7115384615384616 0.6286057692307693 0.051682692307692304 0.1658653846153846
1 0.28725961538461536 0.6418269230769231 0.06850961538461539 0.11658653846153846
1 0.1310096153846154 0.7163461538461539 0.17908653846153846 0.046875
1 0.8485576923076923 0.7175480769230769 0.078125 0.16466346153846154
1 0.6766826923076923 0.8557692307692307 0.08052884615384616 0.2848557692307692
1 0.7800480769230769 0.90625 0.06490384615384616 0.12740384615384615
1 0.7463942307692307 0.17908653846153846 0.042067307692307696 0.17307692307692307
1 0.8052884615384616 0.33774038461538464 0.051682692307692304 0.0889423076923077
1 0.7235576923076923 0.3786057692307692 0.07932692307692307 0.09375
1 0.6141826923076923 0.44471153846153844 0.09254807692307693 0.10576923076923077
1 0.5120192307692307 0.5096153846153846 0.08774038461538461 0.1310096153846154