2 0.36177884615384615 0.21153846153846154 0.04326923076923077 0.026442307692307692
2 0.34134615384615385 0.27283653846153844 0.08533653846153846 0.05048076923076923
2 0.4110576923076923 0.3137019230769231 0.06370192307692307 0.037259615384615384
2 0.39903846153846156 0.3713942307692308 0.12379807692307693 0.04807692307692308
2 0.46033653846153844 0.4266826923076923 0.08052884615384616 0.036057692307692304
2 0.43509615384615385 0.4963942307692308 0.11658653846153846 0.039663461538461536
2 0.5348557692307693 0.5492788461538461 0.04807692307692308 0.036057692307692304
2 0.5288461538461539 0.6081730769230769 0.16346153846153846 0.039663461538461536
2 0.5877403846153846 0.6550480769230769 0.0829326923076923 0.042067307692307696
2 0.5324519230769231 0.7151442307692307 0.06490384615384616 0.04326923076923077
2 0.640625 0.7536057692307693 0.09134615384615384 0.051682692307692304
2 0.6237980769230769 0.8173076923076923 0.09254807692307693 0.042067307692307696
2 0.2920673076923077 0.1778846153846154 0.06971153846153846 0.052884615384615384