2 0.4266826923076923 0.49158653846153844 0.03125 0.010817307692307692
2 0.48677884615384615 0.5 0.0625 0.027644230769230768
2 0.33774038461538464 0.5036057692307693 0.02283653846153846 0.015625
2 0.28125 0.5096153846153846 0.052884615384615384 0.013221153846153846
2 0.234375 0.5096153846153846 0.025240384615384616 0.03125
2 0.5661057692307693 0.052884615384615384 0.038461538461538464 0.027644230769230768
2 0.30288461538461536 0.5288461538461539 0.05889423076923077 0.009615384615384616
2 0.515625 0.5324519230769231 0.055288461538461536 0.021634615384615384
2 0.2403846153846154 0.5420673076923077 0.09254807692307693 0.01201923076923077
2 0.42788461538461536 0.5480769230769231 0.07451923076923077 0.040865384615384616
2 0.5576923076923077 0.5528846153846154 0.016826923076923076 0.019230769230769232
2 0.49158653846153844 0.5540865384615384 0.02403846153846154 0.014423076923076924
2 0.36538461538461536 0.5685096153846154 0.02403846153846154 0.015625
2 0.5024038461538461 0.578125 0.04447115384615385 0.02283653846153846
2 0.44711538461538464 0.5817307692307693 0.028846153846153848 0.021634615384615384
2 0.37740384615384615 0.5973557692307693 0.09254807692307693 0.037259615384615384
2 0.4543269230769231 0.6129807692307693 0.019230769230769232 0.016826923076923076
2 0.36778846153846156 0.6286057692307693 0.07211538461538461 0.016826923076923076
2 0.23677884615384615 0.6346153846153846 0.04567307692307692 0.025240384615384616
2 0.2403846153846154 0.6358173076923077 0.038461538461538464 0.028846153846153848
2 0.33052884615384615 0.6875 0.11899038461538461 0.04567307692307692
2 0.1935096153846154 0.6875 0.03365384615384615 0.020432692307692308
2 0.2403846153846154 0.6971153846153846 0.04447115384615385 0.02283653846153846
2 0.36899038461538464 0.7259615384615384 0.08653846153846154 0.025240384615384616
2 0.390625 0.7536057692307693 0.08173076923076923 0.02403846153846154
2 0.25600961538461536 0.8269230769230769 0.04447115384615385 0.01201923076923077
2 0.24639423076923078 0.8473557692307693 0.0625 0.021634615384615384
2 0.234375 0.8834134615384616 0.10576923076923077 0.04927884615384615
2 0.59375 0.009615384615384616 0.014423076923076924 0.009615384615384616
2 0.5432692307692307 0.11298076923076923 0.04567307692307692 0.030048076923076924
2 0.5240384615384616 0.140625 0.06370192307692307 0.02283653846153846
2 0.5168269230769231 0.17548076923076922 0.06971153846153846 0.028846153846153848
2 0.4963942307692308 0.21634615384615385 0.0889423076923077 0.046875
2 0.4170673076923077 0.23197115384615385 0.057692307692307696 0.010817307692307692
2 0.4699519230769231 0.2644230769230769 0.1466346153846154 0.03245192307692308
2 0.5829326923076923 0.027644230769230768 0.02403846153846154 0.013221153846153846
2 0.4110576923076923 0.28966346153846156 0.06610576923076923 0.010817307692307692
2 0.7067307692307693 0.29927884615384615 0.08173076923076923 0.013221153846153846
2 0.5384615384615384 0.3016826923076923 0.0889423076923077 0.018028846153846152
2 0.4579326923076923 0.3076923076923077 0.054086538461538464 0.010817307692307692
2 0.6418269230769231 0.31850961538461536 0.040865384615384616 0.026442307692307692
2 0.7536057692307693 0.32211538461538464 0.08533653846153846 0.020432692307692308
2 0.421875 0.32572115384615385 0.0829326923076923 0.021634615384615384
2 0.5372596153846154 0.3269230769230769 0.1310096153846154 0.020432692307692308
2 0.5456730769230769 0.34975961538461536 0.16947115384615385 0.021634615384615384
2 0.6466346153846154 0.35216346153846156 0.04326923076923077 0.020432692307692308
2 0.390625 0.36658653846153844 0.09495192307692307 0.027644230769230768
2 0.6346153846153846 0.375 0.030048076923076924 0.015625
2 0.5 0.3798076923076923 0.08173076923076923 0.02283653846153846
2 0.5817307692307693 0.38341346153846156 0.052884615384615384 0.037259615384615384
2 0.36778846153846156 0.390625 0.0625 0.008413461538461538
2 0.3449519230769231 0.4014423076923077 0.027644230769230768 0.013221153846153846
2 0.46153846153846156 0.40625 0.14302884615384615 0.019230769230769232
2 0.36778846153846156 0.41466346153846156 0.03125 0.007211538461538462
2 0.5925480769230769 0.4170673076923077 0.07091346153846154 0.019230769230769232
2 0.3233173076923077 0.43149038461538464 0.07572115384615384 0.019230769230769232
2 0.4891826923076923 0.43509615384615385 0.1201923076923077 0.030048076923076924
2 0.3954326923076923 0.453125 0.03365384615384615 0.055288461538461536
2 0.31009615384615385 0.46153846153846156 0.06129807692307692 0.015625
2 0.484375 0.4651442307692308 0.10576923076923077 0.026442307692307692
2 0.27524038461538464 0.48197115384615385 0.057692307692307696 0.014423076923076924