4 0.7848557692307693 0.24519230769230768 0.052884615384615384 0.11658653846153846
4 0.6069711538461539 0.24759615384615385 0.2512019230769231 0.23557692307692307
4 0.2800480769230769 0.29086538461538464 0.359375 0.12139423076923077
4 0.7848557692307693 0.33413461538461536 0.046875 0.03485576923076923
4 0.19230769230769232 0.38341346153846156 0.11298076923076923 0.054086538461538464
4 0.6682692307692307 0.3894230769230769 0.09495192307692307 0.03125
4 0.4699519230769231 0.4423076923076923 0.057692307692307696 0.04447115384615385
4 0.8076923076923077 0.04807692307692308 0.078125 0.08533653846153846
4 0.5600961538461539 0.5973557692307693 0.17307692307692307 0.15384615384615385
4 0.3629807692307692 0.6598557692307693 0.04447115384615385 0.0673076923076923
4 0.5973557692307693 0.0673076923076923 0.296875 0.10576923076923077
4 0.6081730769230769 0.7283653846153846 0.2247596153846154 0.08774038461538461
4 0.48197115384615385 0.8485576923076923 0.05889423076923077 0.0673076923076923
4 0.36177884615384615 0.08774038461538461 0.0985576923076923 0.11778846153846154
4 0.6682692307692307 0.8786057692307693 0.1814903846153846 0.17908653846153846
4 0.4831730769230769 0.9603365384615384 0.07692307692307693 0.078125
4 0.07091346153846154 0.1045673076923077 0.10096153846153846 0.11658653846153846
4 0.21394230769230768 0.10576923076923077 0.14182692307692307 0.125
4 0.828125 0.16346153846153846 0.0625 0.055288461538461536
4 0.3293269230769231 0.18870192307692307 0.056490384615384616 0.054086538461538464