2 0.4879807692307692 0.578125 0.25721153846153844 0.04807692307692308
2 0.5180288461538461 0.6454326923076923 0.24519230769230768 0.06009615384615385
2 0.5168269230769231 0.7127403846153846 0.09254807692307693 0.06610576923076923
2 0.5216346153846154 0.8052884615384616 0.12379807692307693 0.07091346153846154
2 0.33413461538461536 0.17307692307692307 0.08774038461538461 0.040865384615384616
2 0.38221153846153844 0.20673076923076922 0.12860576923076922 0.025240384615384616
2 0.6923076923076923 0.23798076923076922 0.16947115384615385 0.027644230769230768
2 0.44350961538461536 0.24519230769230768 0.1971153846153846 0.038461538461538464
2 0.38822115384615385 0.30528846153846156 0.15384615384615385 0.057692307692307696
2 0.3557692307692308 0.03245192307692308 0.125 0.03245192307692308
2 0.4567307692307692 0.3737980769230769 0.2512019230769231 0.056490384615384616
2 0.49158653846153844 0.42427884615384615 0.18990384615384615 0.040865384615384616
2 0.5516826923076923 0.46153846153846156 0.06971153846153846 0.026442307692307692
2 0.5060096153846154 0.5132211538461539 0.15264423076923078 0.06610576923076923