3 0.24519230769230768 0.19831730769230768 0.052884615384615384 0.1971153846153846
3 0.18269230769230768 0.21153846153846154 0.04927884615384615 0.2439903846153846
3 0.3112980769230769 0.21153846153846154 0.04807692307692308 0.13822115384615385
3 0.3786057692307692 0.2608173076923077 0.04326923076923077 0.12139423076923077
3 0.43990384615384615 0.2704326923076923 0.03245192307692308 0.08413461538461539
3 0.22956730769230768 0.3389423076923077 0.018028846153846152 0.06971153846153846
3 0.39663461538461536 0.390625 0.10576923076923077 0.10576923076923077
3 0.546875 0.49278846153846156 0.052884615384615384 0.3245192307692308
3 0.26802884615384615 0.5 0.04447115384615385 0.18870192307692307
3 0.6165865384615384 0.5360576923076923 0.0625 0.31490384615384615
3 0.6802884615384616 0.59375 0.036057692307692304 0.32091346153846156
3 0.7379807692307693 0.6634615384615384 0.055288461538461536 0.33413461538461536
3 0.890625 0.6790865384615384 0.014423076923076924 0.03485576923076923
3 0.8100961538461539 0.7247596153846154 0.04567307692307692 0.3076923076923077
3 0.8617788461538461 0.7800480769230769 0.026442307692307692 0.3125
3 0.9158653846153846 0.8521634615384616 0.052884615384615384 0.2824519230769231
3 0.12379807692307693 0.9242788461538461 0.07451923076923077 0.13942307692307693
3 0.9639423076923077 0.9362980769230769 0.027644230769230768 0.12620192307692307
3 0.03485576923076923 0.12259615384615384 0.06971153846153846 0.21514423076923078
3 0.11177884615384616 0.16466346153846154 0.06129807692307692 0.23918269230769232