4 0.46274038461538464 0.3161057692307692 0.4170673076923077 0.08413461538461539
4 0.34975961538461536 0.038461538461538464 0.33413461538461536 0.0625
4 0.5228365384615384 0.390625 0.33052884615384615 0.04567307692307692
4 0.5552884615384616 0.47596153846153844 0.3786057692307692 0.09615384615384616
4 0.6466346153846154 0.5913461538461539 0.34975961538461536 0.06610576923076923
4 0.6983173076923077 0.7331730769230769 0.31009615384615385 0.1778846153846154
4 0.8617788461538461 0.08173076923076923 0.27163461538461536 0.125
4 0.8269230769230769 0.9338942307692307 0.34134615384615385 0.12259615384615384
4 0.4110576923076923 0.1310096153846154 0.3870192307692308 0.08052884615384616
4 0.43990384615384615 0.21514423076923078 0.32211538461538464 0.06610576923076923
4 0.9362980769230769 0.23076923076923078 0.12259615384615384 0.1201923076923077