2 0.4495192307692308 0.4987980769230769 0.037259615384615384 0.008413461538461538
2 0.5228365384615384 0.5252403846153846 0.09014423076923077 0.027644230769230768
2 0.484375 0.5757211538461539 0.057692307692307696 0.016826923076923076
2 0.5120192307692307 0.609375 0.03125 0.010817307692307692
2 0.5420673076923077 0.6237980769230769 0.036057692307692304 0.01201923076923077
2 0.6790865384615384 0.6358173076923077 0.052884615384615384 0.025240384615384616
2 0.6670673076923077 0.6586538461538461 0.03245192307692308 0.010817307692307692
2 0.5348557692307693 0.6622596153846154 0.06850961538461539 0.015625
2 0.6538461538461539 0.6742788461538461 0.02403846153846154 0.01201923076923077
2 0.7596153846153846 0.6754807692307693 0.0733173076923077 0.010817307692307692
2 0.6983173076923077 0.7355769230769231 0.09375 0.028846153846153848
2 0.6826923076923077 0.765625 0.17067307692307693 0.02283653846153846
2 0.6838942307692307 0.7992788461538461 0.18509615384615385 0.030048076923076924
2 0.7980769230769231 0.9134615384615384 0.15745192307692307 0.0625
2 0.33533653846153844 0.22355769230769232 0.042067307692307696 0.036057692307692304
2 0.38341346153846156 0.2932692307692308 0.109375 0.03125
2 0.39663461538461536 0.32211538461538464 0.11778846153846154 0.020432692307692308
2 0.41586538461538464 0.359375 0.1502403846153846 0.04927884615384615
2 0.46033653846153844 0.4375 0.14903846153846154 0.036057692307692304
2 0.48677884615384615 0.4735576923076923 0.171875 0.03485576923076923