2 0.22716346153846154 0.3870192307692308 0.16466346153846154 0.08653846153846154
2 0.3329326923076923 0.4014423076923077 0.020432692307692308 0.04927884615384615
2 0.22716346153846154 0.4639423076923077 0.21153846153846154 0.040865384615384616
2 0.19230769230769232 0.05048076923076923 0.040865384615384616 0.030048076923076924
2 0.28966346153846156 0.5216346153846154 0.13701923076923078 0.054086538461538464
2 0.24879807692307693 0.5769230769230769 0.10216346153846154 0.028846153846153848
2 0.24519230769230768 0.6538461538461539 0.17307692307692307 0.10096153846153846
2 0.25961538461538464 0.7644230769230769 0.22355769230769232 0.09134615384615384
2 0.7716346153846154 0.8798076923076923 0.051682692307692304 0.020432692307692308
2 0.35697115384615385 0.8846153846153846 0.21995192307692307 0.0673076923076923
2 0.6911057692307693 0.8966346153846154 0.0625 0.06490384615384616
2 0.5757211538461539 0.90625 0.12740384615384615 0.0829326923076923
2 0.40625 0.9507211538461539 0.15985576923076922 0.03485576923076923
2 0.2127403846153846 0.11899038461538461 0.14423076923076922 0.052884615384615384
2 0.28966346153846156 0.17668269230769232 0.05889423076923077 0.042067307692307696
2 0.171875 0.18269230769230768 0.054086538461538464 0.040865384615384616
2 0.2692307692307692 0.22956730769230768 0.09735576923076923 0.03125
2 0.1778846153846154 0.2704326923076923 0.05889423076923077 0.1045673076923077
2 0.29086538461538464 0.2932692307692308 0.052884615384615384 0.08533653846153846