3 0.14903846153846154 0.20072115384615385 0.11298076923076923 0.07451923076923077
3 0.38461538461538464 0.2800480769230769 0.4338942307692308 0.046875
3 0.28966346153846156 0.3449519230769231 0.12980769230769232 0.040865384615384616
3 0.6670673076923077 0.3798076923076923 0.07932692307692307 0.1141826923076923
3 0.5132211538461539 0.390625 0.16706730769230768 0.10697115384615384
3 0.35697115384615385 0.40384615384615385 0.11658653846153846 0.040865384615384616
3 0.41947115384615385 0.4807692307692308 0.13942307692307693 0.04567307692307692
3 0.7716346153846154 0.48677884615384615 0.05889423076923077 0.07932692307692307
3 0.6129807692307693 0.49158653846153844 0.1814903846153846 0.07572115384615384
3 0.47716346153846156 0.5528846153846154 0.08173076923076923 0.06009615384615385
3 0.8449519230769231 0.5913461538461539 0.09495192307692307 0.1045673076923077
3 0.6814903846153846 0.5925480769230769 0.20552884615384615 0.08413461538461539
3 0.5348557692307693 0.6189903846153846 0.06850961538461539 0.055288461538461536
3 0.5697115384615384 0.6814903846153846 0.07211538461538461 0.040865384615384616
3 0.19471153846153846 0.0733173076923077 0.35096153846153844 0.1466346153846154
3 0.7872596153846154 0.7283653846153846 0.35096153846153844 0.15144230769230768
3 0.7175480769230769 0.8461538461538461 0.1466346153846154 0.046875
3 0.9146634615384616 0.90625 0.1466346153846154 0.15865384615384615
3 0.7463942307692307 0.9122596153846154 0.11778846153846154 0.06971153846153846
3 0.7836538461538461 0.9711538461538461 0.09254807692307693 0.03365384615384615