3 0.46875 0.5985576923076923 0.06009615384615385 0.15144230769230768
3 0.4110576923076923 0.6526442307692307 0.040865384615384616 0.14543269230769232
3 0.359375 0.7283653846153846 0.051682692307692304 0.11778846153846154
3 0.4026442307692308 0.7475961538461539 0.021634615384615384 0.027644230769230768
3 0.25240384615384615 0.78125 0.025240384615384616 0.03485576923076923
3 0.3016826923076923 0.7956730769230769 0.055288461538461536 0.11057692307692307
3 0.23798076923076922 0.8569711538461539 0.0625 0.08413461538461539
3 0.7463942307692307 0.10697115384615384 0.04807692307692308 0.04807692307692308
3 0.703125 0.14182692307692307 0.037259615384615384 0.05048076923076923
3 0.6622596153846154 0.19230769230769232 0.04567307692307692 0.04927884615384615
3 0.6177884615384616 0.2439903846153846 0.038461538461538464 0.054086538461538464
3 0.5757211538461539 0.28725961538461536 0.040865384615384616 0.04447115384615385
3 0.5324519230769231 0.3245192307692308 0.030048076923076924 0.040865384615384616
3 0.6814903846153846 0.375 0.021634615384615384 0.12620192307692307
3 0.48677884615384615 0.3762019230769231 0.03125 0.052884615384615384
3 0.4543269230769231 0.41466346153846156 0.026442307692307692 0.04326923076923077
3 0.6346153846153846 0.41466346153846156 0.057692307692307696 0.125
3 0.4206730769230769 0.4423076923076923 0.036057692307692304 0.04807692307692308
3 0.38341346153846156 0.47716346153846156 0.037259615384615384 0.051682692307692304
3 0.5733173076923077 0.5012019230769231 0.055288461538461536 0.13701923076923078
3 0.6177884615384616 0.5096153846153846 0.019230769230769232 0.03125
3 0.35336538461538464 0.53125 0.037259615384615384 0.03365384615384615
3 0.5228365384615384 0.5480769230769231 0.038461538461538464 0.15384615384615385
3 0.3088942307692308 0.5685096153846154 0.036057692307692304 0.026442307692307692