2 0.27524038461538464 0.24639423076923078 0.32211538461538464 0.07211538461538461
2 0.4338942307692308 0.3088942307692308 0.09735576923076923 0.02403846153846154
2 0.18028846153846154 0.3173076923076923 0.09375 0.03125
2 0.31490384615384615 0.36538461538461536 0.30408653846153844 0.0625
2 0.5973557692307693 0.421875 0.11658653846153846 0.036057692307692304
2 0.25 0.43509615384615385 0.11658653846153846 0.028846153846153848
2 0.5048076923076923 0.4567307692307692 0.20192307692307693 0.021634615384615384
2 0.6682692307692307 0.5120192307692307 0.19951923076923078 0.08653846153846154
2 0.36778846153846156 0.5204326923076923 0.20552884615384615 0.09375
2 0.11298076923076923 0.055288461538461536 0.18990384615384615 0.08052884615384616
2 0.5913461538461539 0.6442307692307693 0.41466346153846156 0.0829326923076923
2 0.7307692307692307 0.7103365384615384 0.3449519230769231 0.04567307692307692
2 0.6923076923076923 0.7800480769230769 0.38341346153846156 0.078125
2 0.8545673076923077 0.8834134615384616 0.2860576923076923 0.06971153846153846
2 0.13822115384615385 0.10576923076923077 0.20192307692307693 0.027644230769230768
2 0.15625 0.15144230769230768 0.25841346153846156 0.055288461538461536