2 0.6201923076923077 0.3870192307692308 0.3161057692307692 0.036057692307692304
2 0.6550480769230769 0.4375 0.3088942307692308 0.056490384615384616
2 0.48197115384615385 0.5108173076923077 0.2403846153846154 0.06009615384615385
2 0.4519230769230769 0.5829326923076923 0.19951923076923078 0.06009615384615385
2 0.65625 0.5889423076923077 0.08413461538461539 0.037259615384615384
2 0.4375 0.6418269230769231 0.3004807692307692 0.042067307692307696
2 0.2956730769230769 0.6850961538461539 0.16947115384615385 0.037259615384615384
2 0.37259615384615385 0.7415865384615384 0.24759615384615385 0.04927884615384615
2 0.24519230769230768 0.7980769230769231 0.24278846153846154 0.04447115384615385
2 0.2776442307692308 0.8545673076923077 0.15745192307692307 0.06009615384615385
2 0.20072115384615385 0.9254807692307693 0.18028846153846154 0.06009615384615385
2 0.9098557692307693 0.12139423076923077 0.13942307692307693 0.039663461538461536
2 0.8617788461538461 0.171875 0.27163461538461536 0.05048076923076923
2 0.8533653846153846 0.23317307692307693 0.25240384615384615 0.039663461538461536
2 0.8401442307692307 0.28365384615384615 0.3004807692307692 0.03245192307692308
2 0.7439903846153846 0.33413461538461536 0.4110576923076923 0.054086538461538464