4 0.8966346153846154 0.4495192307692308 0.1310096153846154 0.07211538461538461
4 0.22596153846153846 0.4807692307692308 0.2608173076923077 0.0673076923076923
4 0.47475961538461536 0.5132211538461539 0.109375 0.04927884615384615
4 0.7728365384615384 0.546875 0.16346153846153846 0.06850961538461539
4 0.09495192307692307 0.5733173076923077 0.18990384615384615 0.06009615384615385
4 0.41586538461538464 0.6009615384615384 0.25240384615384615 0.08413461538461539
4 0.7067307692307693 0.6358173076923077 0.09615384615384616 0.06610576923076923
4 0.29086538461538464 0.71875 0.3557692307692308 0.13341346153846154
4 0.6634615384615384 0.7199519230769231 0.09615384615384616 0.054086538461538464
4 0.5384615384615384 0.7956730769230769 0.12860576923076922 0.07091346153846154
4 0.2608173076923077 0.8461538461538461 0.22355769230769232 0.046875
4 0.47716346153846156 0.8810096153846154 0.09375 0.05048076923076923
4 0.4230769230769231 0.9519230769230769 0.17908653846153846 0.03245192307692308
4 0.3293269230769231 0.1502403846153846 0.4254807692307692 0.21033653846153846
4 0.8617788461538461 0.18389423076923078 0.19110576923076922 0.07451923076923077
4 0.7704326923076923 0.2608173076923077 0.28966346153846156 0.04927884615384615
4 0.22355769230769232 0.31971153846153844 0.2127403846153846 0.07932692307692307
4 0.5288461538461539 0.3245192307692308 0.21754807692307693 0.055288461538461536
4 0.375 0.40384615384615385 0.25600961538461536 0.06370192307692307