2 0.8185096153846154 0.2439903846153846 0.36177884615384615 0.078125
2 0.7920673076923077 0.35216346153846156 0.39302884615384615 0.11298076923076923
2 0.5192307692307693 0.38461538461538464 0.09134615384615384 0.07451923076923077
2 0.5420673076923077 0.46274038461538464 0.19471153846153846 0.04807692307692308
2 0.8377403846153846 0.4699519230769231 0.08413461538461539 0.06370192307692307
2 0.375 0.5228365384615384 0.09375 0.04807692307692308
2 0.7872596153846154 0.5588942307692307 0.10817307692307693 0.0673076923076923
2 0.47115384615384615 0.5949519230769231 0.15264423076923078 0.06370192307692307
2 0.3545673076923077 0.6033653846153846 0.08533653846153846 0.03485576923076923
2 0.22716346153846154 0.6514423076923077 0.038461538461538464 0.055288461538461536
2 0.71875 0.6670673076923077 0.07451923076923077 0.054086538461538464
2 0.3449519230769231 0.6923076923076923 0.051682692307692304 0.042067307692307696
2 0.25961538461538464 0.7307692307692307 0.054086538461538464 0.037259615384615384
2 0.13942307692307693 0.8701923076923077 0.08774038461538461 0.02403846153846154
2 0.8653846153846154 0.12379807692307693 0.2644230769230769 0.1466346153846154