4 0.9711538461538461 0.9543269230769231 0.052884615384615384 0.0625
4 0.59375 0.1310096153846154 0.05048076923076923 0.057692307692307696
4 0.4519230769230769 0.171875 0.11057692307692307 0.09254807692307693
4 0.5997596153846154 0.1971153846153846 0.078125 0.040865384615384616
4 0.46033653846153844 0.24278846153846154 0.055288461538461536 0.013221153846153846
4 0.6971153846153846 0.27163461538461536 0.09375 0.07932692307692307
4 0.19110576923076922 0.2776442307692308 0.14302884615384615 0.05889423076923077
4 0.41586538461538464 0.29927884615384615 0.06490384615384616 0.02403846153846154
4 0.6454326923076923 0.35216346153846156 0.11177884615384616 0.046875
4 0.30528846153846156 0.39783653846153844 0.19230769230769232 0.0985576923076923
4 0.5180288461538461 0.41586538461538464 0.15985576923076922 0.057692307692307696
4 0.7415865384615384 0.4230769230769231 0.1346153846153846 0.06370192307692307
4 0.53125 0.47716346153846156 0.11177884615384616 0.040865384615384616
4 0.3737980769230769 0.5012019230769231 0.1658653846153846 0.07692307692307693
4 0.8581730769230769 0.5240384615384616 0.140625 0.08413461538461539
4 0.28365384615384615 0.5673076923076923 0.09975961538461539 0.04447115384615385
4 0.8521634615384616 0.6502403846153846 0.09735576923076923 0.040865384615384616
4 0.3605769230769231 0.07932692307692307 0.140625 0.06850961538461539
4 0.9675480769230769 0.8112980769230769 0.06009615384615385 0.040865384615384616
4 0.8028846153846154 0.8677884615384616 0.08653846153846154 0.038461538461538464