0 0.45552884615384615 0.32211538461538464 0.0673076923076923 0.46153846153846156
0 0.5276442307692307 0.3473557692307692 0.06129807692307692 0.44471153846153844
0 0.6045673076923077 0.5865384615384616 0.08052884615384616 0.7019230769230769
0 0.4014423076923077 0.6706730769230769 0.07692307692307693 0.17548076923076922
0 0.6923076923076923 0.6887019230769231 0.078125 0.6189903846153846
0 0.5084134615384616 0.7115384615384616 0.09975961538461539 0.25240384615384615
0 0.7836538461538461 0.7307692307692307 0.08173076923076923 0.5372596153846154
0 0.8846153846153846 0.7728365384615384 0.09134615384615384 0.4495192307692308
0 0.9651442307692307 0.8689903846153846 0.04567307692307692 0.25721153846153844
0 0.06971153846153846 0.10576923076923077 0.06490384615384616 0.14302884615384615
0 0.19831730769230768 0.21033653846153846 0.07692307692307693 0.41947115384615385
0 0.0733173076923077 0.2127403846153846 0.03125 0.06370192307692307
0 0.12980769230769232 0.2704326923076923 0.03365384615384615 0.12379807692307693
0 0.3293269230769231 0.28966346153846156 0.1778846153846154 0.5396634615384616