2 0.7908653846153846 0.19831730769230768 0.2848557692307692 0.08052884615384616
2 0.6899038461538461 0.28846153846153844 0.22235576923076922 0.0829326923076923
2 0.5757211538461539 0.3798076923076923 0.25 0.09615384615384616
2 0.5180288461538461 0.46875 0.23557692307692307 0.054086538461538464
2 0.40384615384615385 0.5372596153846154 0.3004807692307692 0.056490384615384616
2 0.2956730769230769 0.6213942307692307 0.33774038461538464 0.0733173076923077
2 0.23677884615384615 0.7007211538461539 0.3629807692307692 0.0673076923076923
2 0.8545673076923077 0.07451923076923077 0.18269230769230768 0.06490384615384616
2 0.15264423076923078 0.78125 0.24519230769230768 0.06610576923076923
2 0.025240384615384616 0.8545673076923077 0.05048076923076923 0.055288461538461536
2 0.08533653846153846 0.9110576923076923 0.11057692307692307 0.06971153846153846