0 0.5973557692307693 0.6189903846153846 0.3004807692307692 0.10817307692307693
0 0.3329326923076923 0.6237980769230769 0.17668269230769232 0.12139423076923077
0 0.18629807692307693 0.6502403846153846 0.06971153846153846 0.06850961538461539
0 0.5552884615384616 0.734375 0.19951923076923078 0.09134615384615384
0 0.5288461538461539 0.8185096153846154 0.1502403846153846 0.04447115384615385
0 0.29927884615384615 0.8377403846153846 0.2548076923076923 0.24759615384615385
0 0.49759615384615385 0.8834134615384616 0.0889423076923077 0.05889423076923077
0 0.11658653846153846 0.8954326923076923 0.08052884615384616 0.0829326923076923
0 0.8641826923076923 0.15504807692307693 0.265625 0.1875
0 0.6766826923076923 0.21033653846153846 0.06850961538461539 0.1201923076923077
0 0.8425480769230769 0.30649038461538464 0.20552884615384615 0.09375
0 0.6189903846153846 0.33052884615384615 0.1875 0.09975961538461539
0 0.48677884615384615 0.34134615384615385 0.04927884615384615 0.06490384615384616
0 0.8233173076923077 0.40024038461538464 0.1502403846153846 0.06490384615384616
0 0.5709134615384616 0.4723557692307692 0.2860576923076923 0.14783653846153846
0 0.37740384615384615 0.4891826923076923 0.06370192307692307 0.1201923076923077
0 0.7776442307692307 0.5036057692307693 0.08653846153846154 0.09735576923076923