2 0.40865384615384615 0.5432692307692307 0.09975961538461539 0.021634615384615384
2 0.4855769230769231 0.5492788461538461 0.03485576923076923 0.013221153846153846
2 0.4519230769230769 0.5757211538461539 0.16826923076923078 0.026442307692307692
2 0.5865384615384616 0.5805288461538461 0.0733173076923077 0.018028846153846152
2 0.5673076923076923 0.6057692307692307 0.1778846153846154 0.025240384615384616
2 0.5925480769230769 0.6358173076923077 0.11778846153846154 0.021634615384615384
2 0.30528846153846156 0.06490384615384616 0.051682692307692304 0.018028846153846152
2 0.4579326923076923 0.6526442307692307 0.11057692307692307 0.057692307692307696
2 0.6213942307692307 0.6658653846153846 0.08052884615384616 0.03125
2 0.5649038461538461 0.7055288461538461 0.23557692307692307 0.026442307692307692
2 0.5829326923076923 0.7439903846153846 0.2512019230769231 0.040865384615384616
2 0.5949519230769231 0.7848557692307693 0.21634615384615385 0.03125
2 0.6694711538461539 0.8088942307692307 0.04326923076923077 0.01201923076923077
2 0.36538461538461536 0.08173076923076923 0.04927884615384615 0.014423076923076924
2 0.5793269230769231 0.8161057692307693 0.11658653846153846 0.019230769230769232
2 0.3173076923076923 0.08413461538461539 0.027644230769230768 0.01201923076923077
2 0.5588942307692307 0.8425480769230769 0.056490384615384616 0.019230769230769232
2 0.5612980769230769 0.8701923076923077 0.0673076923076923 0.02283653846153846
2 0.5721153846153846 0.9002403846153846 0.04447115384615385 0.018028846153846152
2 0.33413461538461536 0.1045673076923077 0.06850961538461539 0.02283653846153846
2 0.3701923076923077 0.1502403846153846 0.03245192307692308 0.010817307692307692
2 0.2920673076923077 0.15504807692307693 0.052884615384615384 0.014423076923076924
2 0.3701923076923077 0.17668269230769232 0.0625 0.030048076923076924
2 0.28966346153846156 0.18509615384615385 0.03365384615384615 0.03125
2 0.359375 0.20432692307692307 0.051682692307692304 0.015625
2 0.46033653846153844 0.20793269230769232 0.04447115384615385 0.014423076923076924
2 0.43509615384615385 0.23317307692307693 0.040865384615384616 0.010817307692307692
2 0.3870192307692308 0.24879807692307693 0.07211538461538461 0.009615384615384616
2 0.33052884615384615 0.2776442307692308 0.12740384615384615 0.030048076923076924
2 0.43149038461538464 0.28125 0.046875 0.051682692307692304
2 0.33653846153846156 0.3125 0.12860576923076922 0.025240384615384616
2 0.42788461538461536 0.32211538461538464 0.03485576923076923 0.02403846153846154
2 0.36658653846153844 0.34375 0.0829326923076923 0.030048076923076924
2 0.484375 0.34975961538461536 0.027644230769230768 0.021634615384615384
2 0.5372596153846154 0.34975961538461536 0.04807692307692308 0.04927884615384615
2 0.49038461538461536 0.36778846153846156 0.036057692307692304 0.008413461538461538
2 0.5384615384615384 0.38461538461538464 0.052884615384615384 0.015625
2 0.39302884615384615 0.38822115384615385 0.09615384615384616 0.02283653846153846
2 0.5012019230769231 0.40024038461538464 0.07932692307692307 0.010817307692307692
2 0.44350961538461536 0.4170673076923077 0.07692307692307693 0.018028846153846152
2 0.4098557692307692 0.4362980769230769 0.1141826923076923 0.01201923076923077
2 0.421875 0.45913461538461536 0.1502403846153846 0.02283653846153846
2 0.5973557692307693 0.4699519230769231 0.05048076923076923 0.014423076923076924
2 0.4423076923076923 0.4795673076923077 0.06370192307692307 0.01201923076923077
2 0.5588942307692307 0.49278846153846156 0.11899038461538461 0.021634615384615384
2 0.33413461538461536 0.5 0.056490384615384616 0.014423076923076924
2 0.36177884615384615 0.5204326923076923 0.04326923076923077 0.014423076923076924
2 0.4891826923076923 0.5228365384615384 0.1622596153846154 0.013221153846153846