2 0.32091346153846156 0.22115384615384615 0.09615384615384616 0.019230769230769232
2 0.32211538461538464 0.25 0.03245192307692308 0.030048076923076924
2 0.36177884615384615 0.2608173076923077 0.026442307692307692 0.04567307692307692
2 0.30649038461538464 0.29086538461538464 0.06370192307692307 0.042067307692307696
2 0.31971153846153844 0.3269230769230769 0.03125 0.018028846153846152
2 0.37740384615384615 0.3293269230769231 0.0625 0.03245192307692308
2 0.4050480769230769 0.359375 0.013221153846153846 0.019230769230769232
2 0.3485576923076923 0.38341346153846156 0.07451923076923077 0.055288461538461536
2 0.4362980769230769 0.39903846153846156 0.06490384615384616 0.010817307692307692
2 0.34615384615384615 0.41947115384615385 0.06370192307692307 0.008413461538461538
2 0.4519230769230769 0.42788461538461536 0.04807692307692308 0.037259615384615384
2 0.4639423076923077 0.4579326923076923 0.037259615384615384 0.015625
2 0.3942307692307692 0.46033653846153844 0.08173076923076923 0.019230769230769232
2 0.3918269230769231 0.49759615384615385 0.0889423076923077 0.039663461538461536
2 0.48677884615384615 0.5168269230769231 0.0733173076923077 0.026442307692307692
2 0.4951923076923077 0.5480769230769231 0.056490384615384616 0.026442307692307692
2 0.23557692307692307 0.056490384615384616 0.039663461538461536 0.027644230769230768
2 0.421875 0.5889423076923077 0.09375 0.040865384615384616
2 0.4639423076923077 0.6418269230769231 0.07692307692307693 0.040865384615384616
2 0.5492788461538461 0.6514423076923077 0.08413461538461539 0.055288461538461536
2 0.47115384615384615 0.6790865384615384 0.054086538461538464 0.014423076923076924
2 0.4483173076923077 0.7079326923076923 0.040865384615384616 0.02403846153846154
2 0.5 0.7211538461538461 0.05048076923076923 0.038461538461538464
2 0.5745192307692307 0.7331730769230769 0.07451923076923077 0.03245192307692308
2 0.5925480769230769 0.7704326923076923 0.07572115384615384 0.030048076923076924
2 0.47836538461538464 0.7992788461538461 0.07572115384615384 0.03245192307692308
2 0.5841346153846154 0.8052884615384616 0.10817307692307693 0.02283653846153846
2 0.5901442307692307 0.8329326923076923 0.09735576923076923 0.016826923076923076
2 0.5024038461538461 0.8413461538461539 0.04927884615384615 0.02283653846153846
2 0.5504807692307693 0.8617788461538461 0.038461538461538464 0.02403846153846154
2 0.6141826923076923 0.8713942307692307 0.078125 0.038461538461538464
2 0.2512019230769231 0.08774038461538461 0.0829326923076923 0.025240384615384616
2 0.5552884615384616 0.9014423076923077 0.018028846153846152 0.014423076923076924
2 0.6009615384615384 0.9362980769230769 0.04567307692307692 0.02403846153846154
2 0.6358173076923077 0.9615384615384616 0.056490384615384616 0.015625
2 0.27163461538461536 0.12740384615384615 0.07091346153846154 0.039663461538461536
2 0.3293269230769231 0.16466346153846154 0.055288461538461536 0.02283653846153846
2 0.2824519230769231 0.19230769230769232 0.052884615384615384 0.021634615384615384