3 0.3329326923076923 0.1875 0.09615384615384616 0.06971153846153846
3 0.7427884615384616 0.20192307692307693 0.051682692307692304 0.0625
3 0.4375 0.21394230769230768 0.06370192307692307 0.0985576923076923
3 0.546875 0.2692307692307692 0.11057692307692307 0.056490384615384616
3 0.9579326923076923 0.3076923076923077 0.06610576923076923 0.25841346153846156
3 0.8882211538461539 0.36899038461538464 0.038461538461538464 0.31971153846153844
3 0.7295673076923077 0.41225961538461536 0.21875 0.3329326923076923
3 0.5444711538461539 0.47115384615384615 0.12139423076923077 0.1045673076923077
3 0.44591346153846156 0.5396634615384616 0.055288461538461536 0.07692307692307693
3 0.375 0.5817307692307693 0.06610576923076923 0.06610576923076923
3 0.5528846153846154 0.6225961538461539 0.10576923076923077 0.1502403846153846
3 0.09375 0.6262019230769231 0.15504807692307693 0.0889423076923077
3 0.7067307692307693 0.6298076923076923 0.07692307692307693 0.052884615384615384
3 0.30288461538461536 0.6334134615384616 0.06009615384615385 0.07091346153846154
3 0.23197115384615385 0.6899038461538461 0.06971153846153846 0.06610576923076923
3 0.44350961538461536 0.7283653846153846 0.10576923076923077 0.16706730769230768
3 0.8701923076923077 0.7331730769230769 0.07692307692307693 0.06850961538461539
3 0.15865384615384615 0.7536057692307693 0.12620192307692307 0.04807692307692308
3 0.32572115384615385 0.8004807692307693 0.08653846153846154 0.15865384615384615
3 0.07692307692307693 0.8533653846153846 0.1502403846153846 0.10697115384615384
3 0.22355769230769232 0.8737980769230769 0.09254807692307693 0.14783653846153846
3 0.6875 0.8786057692307693 0.12139423076923077 0.13341346153846154
3 0.18509615384615385 0.109375 0.10697115384615384 0.0733173076923077
3 0.8305288461538461 0.13942307692307693 0.1141826923076923 0.12139423076923077