4 0.4891826923076923 0.24759615384615385 0.2127403846153846 0.06971153846153846
4 0.12139423076923077 0.25 0.234375 0.06490384615384616
4 0.08533653846153846 0.030048076923076924 0.17067307692307693 0.04807692307692308
4 0.1778846153846154 0.34615384615384615 0.3245192307692308 0.08533653846153846
4 0.6502403846153846 0.3641826923076923 0.4362980769230769 0.13221153846153846
4 0.234375 0.453125 0.36778846153846156 0.08413461538461539
4 0.7283653846153846 0.49399038461538464 0.43509615384615385 0.10697115384615384
4 0.28846153846153844 0.5264423076923077 0.24519230769230768 0.04807692307692308
4 0.5204326923076923 0.057692307692307696 0.4963942307692308 0.11057692307692307
4 0.15264423076923078 0.5853365384615384 0.18509615384615385 0.0625
4 0.35697115384615385 0.5997596153846154 0.22235576923076922 0.07211538461538461
4 0.7632211538461539 0.6081730769230769 0.45072115384615385 0.10336538461538461
4 0.1814903846153846 0.6598557692307693 0.17067307692307693 0.03485576923076923
4 0.359375 0.7283653846153846 0.2608173076923077 0.10096153846153846
4 0.8209134615384616 0.7331730769230769 0.35336538461538464 0.12980769230769232
4 0.22235576923076922 0.8149038461538461 0.09495192307692307 0.038461538461538464
4 0.4230769230769231 0.8209134615384616 0.0889423076923077 0.052884615384615384
4 0.8689903846153846 0.9014423076923077 0.25721153846153844 0.16346153846153846
4 0.35096153846153844 0.9242788461538461 0.22716346153846154 0.08653846153846154
4 0.5877403846153846 0.9663461538461539 0.09975961538461539 0.05048076923076923
4 0.3786057692307692 0.9879807692307693 0.1778846153846154 0.02283653846153846
4 0.1346153846153846 0.10336538461538461 0.25600961538461536 0.06129807692307692
4 0.5540865384615384 0.16466346153846154 0.5084134615384616 0.07211538461538461
4 0.14543269230769232 0.171875 0.20552884615384615 0.051682692307692304