4 0.9146634615384616 0.4735576923076923 0.1658653846153846 0.0673076923076923
4 0.36658653846153844 0.47475961538461536 0.2608173076923077 0.06009615384615385
4 0.2620192307692308 0.5456730769230769 0.2091346153846154 0.0625
4 0.8449519230769231 0.057692307692307696 0.30528846153846156 0.09615384615384616
4 0.8689903846153846 0.6129807692307693 0.13581730769230768 0.04927884615384615
4 0.15865384615384615 0.6490384615384616 0.25721153846153844 0.11778846153846154
4 0.8064903846153846 0.6947115384615384 0.16826923076923078 0.08052884615384616
4 0.7584134615384616 0.8617788461538461 0.11177884615384616 0.06971153846153846
4 0.7043269230769231 0.9579326923076923 0.203125 0.06490384615384616
4 0.7956730769230769 0.15144230769230768 0.32211538461538464 0.056490384615384616
4 0.6694711538461539 0.23076923076923078 0.33052884615384615 0.06490384615384616
4 0.5625 0.3161057692307692 0.27524038461538464 0.0673076923076923
4 0.4519230769230769 0.4014423076923077 0.27283653846153844 0.06009615384615385