3 0.17307692307692307 0.39903846153846156 0.027644230769230768 0.025240384615384616
3 0.6298076923076923 0.40024038461538464 0.08774038461538461 0.04567307692307692
3 0.5336538461538461 0.4050480769230769 0.04447115384615385 0.042067307692307696
3 0.31009615384615385 0.4170673076923077 0.03365384615384615 0.06971153846153846
3 0.265625 0.4254807692307692 0.038461538461538464 0.028846153846153848
3 0.6310096153846154 0.04567307692307692 0.17307692307692307 0.09134615384615384
3 0.6382211538461539 0.43990384615384615 0.03485576923076923 0.016826923076923076
3 0.20432692307692307 0.44711538461538464 0.026442307692307692 0.04447115384615385
3 0.5793269230769231 0.45552884615384615 0.037259615384615384 0.03485576923076923
3 0.4699519230769231 0.47836538461538464 0.04326923076923077 0.03245192307692308
3 0.25 0.5024038461538461 0.037259615384615384 0.038461538461538464
3 0.36538461538461536 0.5024038461538461 0.04447115384615385 0.06850961538461539
3 0.6201923076923077 0.5072115384615384 0.05048076923076923 0.04326923076923077
3 0.5120192307692307 0.5252403846153846 0.03365384615384615 0.036057692307692304
3 0.5649038461538461 0.5336538461538461 0.04447115384615385 0.04927884615384615
3 0.6730769230769231 0.5516826923076923 0.039663461538461536 0.036057692307692304
3 0.2848557692307692 0.5540865384615384 0.02403846153846154 0.030048076923076924
3 0.4254807692307692 0.5721153846153846 0.042067307692307696 0.046875
3 0.6201923076923077 0.5853365384615384 0.040865384615384616 0.06129807692307692
3 0.19230769230769232 0.06129807692307692 0.05889423076923077 0.042067307692307696
3 0.3173076923076923 0.5973557692307693 0.042067307692307696 0.040865384615384616
3 0.5552884615384616 0.5997596153846154 0.036057692307692304 0.05048076923076923
3 0.6670673076923077 0.6177884615384616 0.04807692307692308 0.07211538461538461
3 0.5745192307692307 0.6550480769230769 0.046875 0.03245192307692308
3 0.7163461538461539 0.6574519230769231 0.038461538461538464 0.16706730769230768
3 0.36538461538461536 0.6598557692307693 0.01201923076923077 0.03125
3 0.36177884615384615 0.6646634615384616 0.051682692307692304 0.0625
3 0.7620192307692307 0.703125 0.036057692307692304 0.1466346153846154
3 0.6358173076923077 0.7127403846153846 0.046875 0.0985576923076923
3 0.8016826923076923 0.7379807692307693 0.03125 0.13701923076923078
3 0.6790865384615384 0.7391826923076923 0.025240384615384616 0.052884615384615384
3 0.7151442307692307 0.7800480769230769 0.025240384615384616 0.040865384615384616
3 0.8365384615384616 0.78125 0.03125 0.11057692307692307
3 0.46033653846153844 0.7908653846153846 0.04927884615384615 0.036057692307692304
3 0.6694711538461539 0.8064903846153846 0.04447115384615385 0.055288461538461536
3 0.8810096153846154 0.8125 0.03485576923076923 0.07932692307692307
3 0.0673076923076923 0.08413461538461539 0.06370192307692307 0.04927884615384615
3 0.5192307692307693 0.8449519230769231 0.04927884615384615 0.02283653846153846
3 0.6322115384615384 0.8473557692307693 0.02283653846153846 0.028846153846153848
3 0.5576923076923077 0.8882211538461539 0.036057692307692304 0.026442307692307692
3 0.7295673076923077 0.8930288461538461 0.078125 0.04807692307692308
3 0.59375 0.9098557692307693 0.004807692307692308 0.003605769230769231
3 0.7728365384615384 0.9615384615384616 0.12379807692307693 0.0625
3 0.640625 0.96875 0.037259615384615384 0.042067307692307696
3 0.23798076923076922 0.11057692307692307 0.06129807692307692 0.038461538461538464
3 0.021634615384615384 0.1201923076923077 0.037259615384615384 0.037259615384615384
3 0.12860576923076922 0.13942307692307693 0.052884615384615384 0.036057692307692304
3 0.2824519230769231 0.14903846153846154 0.05048076923076923 0.018028846153846152
3 0.14543269230769232 0.019230769230769232 0.052884615384615384 0.037259615384615384
3 0.056490384615384616 0.16346153846153846 0.037259615384615384 0.037259615384615384
3 0.6045673076923077 0.1658653846153846 0.15384615384615385 0.12139423076923077
3 0.16346153846153846 0.18629807692307693 0.06490384615384616 0.042067307692307696
3 0.08533653846153846 0.20673076923076922 0.03245192307692308 0.036057692307692304
3 0.020432692307692308 0.21514423076923078 0.028846153846153848 0.0625
3 0.25961538461538464 0.22716346153846154 0.039663461538461536 0.056490384615384616
3 0.1935096153846154 0.23076923076923078 0.05889423076923077 0.030048076923076924
3 0.03485576923076923 0.025240384615384616 0.057692307692307696 0.05048076923076923
3 0.3641826923076923 0.23557692307692307 0.055288461538461536 0.04807692307692308
3 0.12740384615384615 0.24879807692307693 0.037259615384615384 0.037259615384615384
3 0.21995192307692307 0.2608173076923077 0.057692307692307696 0.020432692307692308
3 0.06490384615384616 0.2620192307692308 0.028846153846153848 0.040865384615384616
3 0.609375 0.2668269230769231 0.1346153846153846 0.06610576923076923
3 0.29927884615384615 0.2848557692307692 0.025240384615384616 0.03125
3 0.2704326923076923 0.28846153846153844 0.03485576923076923 0.039663461538461536
3 0.43028846153846156 0.3004807692307692 0.042067307692307696 0.04567307692307692
3 0.16826923076923078 0.3016826923076923 0.04567307692307692 0.055288461538461536
3 0.10096153846153846 0.3137019230769231 0.025240384615384616 0.03125
3 0.6153846153846154 0.3401442307692308 0.11778846153846154 0.06009615384615385
3 0.31490384615384615 0.3449519230769231 0.038461538461538464 0.037259615384615384
3 0.4795673076923077 0.35216346153846156 0.052884615384615384 0.04447115384615385
3 0.13341346153846154 0.3581730769230769 0.016826923076923076 0.03125
3 0.22115384615384615 0.36778846153846156 0.05048076923076923 0.04927884615384615