0 0.4375 0.8990384615384616 0.11177884615384616 0.036057692307692304
0 0.7103365384615384 0.9146634615384616 0.056490384615384616 0.0673076923076923
0 0.5264423076923077 0.9639423076923077 0.20432692307692307 0.046875
0 0.1814903846153846 0.25841346153846156 0.21033653846153846 0.16947115384615385
0 0.3293269230769231 0.28365384615384615 0.057692307692307696 0.10216346153846154
0 0.24278846153846154 0.3858173076923077 0.3401442307692308 0.04447115384615385
0 0.27884615384615385 0.4639423076923077 0.3485576923076923 0.07091346153846154
0 0.34975961538461536 0.5817307692307693 0.29927884615384615 0.125
0 0.39302884615384615 0.7043269230769231 0.3161057692307692 0.07572115384615384
0 0.171875 0.07692307692307693 0.07692307692307693 0.1310096153846154
0 0.43509615384615385 0.7980769230769231 0.2848557692307692 0.0625
0 0.43149038461538464 0.8557692307692307 0.11177884615384616 0.028846153846153848
0 0.5588942307692307 0.8882211538461539 0.10096153846153846 0.078125