0 0.4110576923076923 0.15865384615384615 0.3954326923076923 0.05048076923076923
0 0.4735576923076923 0.23918269230769232 0.31009615384615385 0.0829326923076923
0 0.5420673076923077 0.3137019230769231 0.296875 0.037259615384615384
0 0.5733173076923077 0.3701923076923077 0.26322115384615385 0.037259615384615384
0 0.6225961538461539 0.4338942307692308 0.23197115384615385 0.052884615384615384
0 0.6610576923076923 0.5024038461538461 0.18870192307692307 0.04927884615384615
0 0.6959134615384616 0.5769230769230769 0.17548076923076922 0.06971153846153846
0 0.7584134615384616 0.6670673076923077 0.15625 0.08533653846153846
0 0.3173076923076923 0.06850961538461539 0.36899038461538464 0.08774038461538461
0 0.8245192307692307 0.7620192307692307 0.10576923076923077 0.07692307692307693
0 0.8918269230769231 0.8617788461538461 0.09495192307692307 0.09975961538461539