3 0.84375 0.5204326923076923 0.10576923076923077 0.4014423076923077
3 0.7163461538461539 0.5817307692307693 0.1346153846153846 0.3737980769230769
3 0.17668269230769232 0.6069711538461539 0.2704326923076923 0.6057692307692307
3 0.3942307692307692 0.6081730769230769 0.1502403846153846 0.578125
3 0.5588942307692307 0.6105769230769231 0.16346153846153846 0.49158653846153844
3 0.027644230769230768 0.6177884615384616 0.019230769230769232 0.27884615384615385
3 0.921875 0.07932692307692307 0.12620192307692307 0.08533653846153846
3 0.7764423076923077 0.09014423076923077 0.13341346153846154 0.021634615384615384
3 0.9555288461538461 0.013221153846153846 0.057692307692307696 0.021634615384615384
3 0.6995192307692307 0.19471153846153846 0.17548076923076922 0.17548076923076922
3 0.3737980769230769 0.20192307692307693 0.10697115384615384 0.03245192307692308
3 0.8497596153846154 0.2127403846153846 0.10817307692307693 0.17668269230769232
3 0.5204326923076923 0.22235576923076922 0.16466346153846154 0.14423076923076922
3 0.3173076923076923 0.24278846153846154 0.12620192307692307 0.028846153846153848
3 0.4098557692307692 0.25600961538461536 0.038461538461538464 0.04807692307692308
3 0.24519230769230768 0.2800480769230769 0.18269230769230768 0.025240384615384616
3 0.5973557692307693 0.3293269230769231 0.19230769230769232 0.051682692307692304
3 0.953125 0.3737980769230769 0.08173076923076923 0.48677884615384615