0 0.7139423076923077 0.9338942307692307 0.2920673076923077 0.046875
0 0.29927884615384615 0.19110576923076922 0.10216346153846154 0.16466346153846154
0 0.3798076923076923 0.22235576923076922 0.04326923076923077 0.10576923076923077
0 0.3918269230769231 0.3161057692307692 0.24278846153846154 0.04567307692307692
0 0.4254807692307692 0.38822115384615385 0.19471153846153846 0.052884615384615384
0 0.4651442307692308 0.4651442307692308 0.18990384615384615 0.07692307692307693
0 0.21875 0.05048076923076923 0.09254807692307693 0.09495192307692307
0 0.5240384615384616 0.5793269230769231 0.22596153846153846 0.10697115384615384
0 0.5625 0.6730769230769231 0.2692307692307692 0.0625
0 0.6057692307692307 0.7596153846153846 0.27403846153846156 0.08413461538461539
0 0.6706730769230769 0.8605769230769231 0.2980769230769231 0.06610576923076923