0 0.6225961538461539 0.06490384615384616 0.038461538461538464 0.04807692307692308
0 0.5576923076923077 0.640625 0.4411057692307692 0.10336538461538461
0 0.1466346153846154 0.78125 0.054086538461538464 0.15745192307692307
0 0.6081730769230769 0.7896634615384616 0.40865384615384615 0.09134615384615384
0 0.3329326923076923 0.8112980769230769 0.05048076923076923 0.11658653846153846
0 0.03365384615384615 0.8389423076923077 0.04807692307692308 0.046875
0 0.24759615384615385 0.8461538461538461 0.09134615384615384 0.15144230769230768
0 0.6742788461538461 0.8978365384615384 0.39302884615384615 0.0889423076923077
0 0.6802884615384616 0.9807692307692307 0.28846153846153844 0.03365384615384615
0 0.3016826923076923 0.10576923076923077 0.4723557692307692 0.1875
0 0.8509615384615384 0.20432692307692307 0.11298076923076923 0.16105769230769232
0 0.9375 0.22235576923076922 0.038461538461538464 0.11057692307692307
0 0.7716346153846154 0.2548076923076923 0.036057692307692304 0.13942307692307693
0 0.36177884615384615 0.265625 0.4795673076923077 0.11538461538461539
0 0.8677884615384616 0.31971153846153844 0.039663461538461536 0.046875
0 0.7163461538461539 0.36177884615384615 0.04326923076923077 0.14783653846153846
0 0.4182692307692308 0.39663461538461536 0.4651442307692308 0.10336538461538461
0 0.7800480769230769 0.42788461538461536 0.03485576923076923 0.06490384615384616
0 0.4879807692307692 0.5216346153846154 0.4543269230769231 0.11899038461538461