2 0.47475961538461536 0.026442307692307692 0.125 0.03485576923076923
2 0.6862980769230769 0.2692307692307692 0.12139423076923077 0.04447115384615385
2 0.1466346153846154 0.32091346153846156 0.07692307692307693 0.036057692307692304
2 0.7391826923076923 0.328125 0.18870192307692307 0.05889423076923077
2 0.9146634615384616 0.3425480769230769 0.12740384615384615 0.04447115384615385
2 0.2403846153846154 0.36899038461538464 0.11177884615384616 0.04567307692307692
2 0.8617788461538461 0.40865384615384615 0.20192307692307693 0.03485576923076923
2 0.27524038461538464 0.43028846153846156 0.12620192307692307 0.057692307692307696
2 0.8918269230769231 0.4735576923076923 0.10697115384615384 0.07692307692307693
2 0.37259615384615385 0.5084134615384616 0.10096153846153846 0.055288461538461536
2 0.8653846153846154 0.5540865384615384 0.23557692307692307 0.056490384615384616
2 0.45913461538461536 0.5817307692307693 0.11899038461538461 0.04927884615384615
2 0.8088942307692307 0.6105769230769231 0.10697115384615384 0.038461538461538464
2 0.5685096153846154 0.6610576923076923 0.14423076923076922 0.06129807692307692
2 0.7548076923076923 0.6658653846153846 0.14302884615384615 0.06490384615384616
2 0.6610576923076923 0.7319711538461539 0.2283653846153846 0.027644230769230768
2 0.49278846153846156 0.07572115384615384 0.109375 0.03365384615384615
2 0.7079326923076923 0.7788461538461539 0.12740384615384615 0.038461538461538464
2 0.6514423076923077 0.8365384615384616 0.14302884615384615 0.05889423076923077
2 0.07692307692307693 0.8774038461538461 0.078125 0.19110576923076922
2 0.6117788461538461 0.890625 0.19230769230769232 0.016826923076923076
2 0.5516826923076923 0.13581730769230768 0.13581730769230768 0.042067307692307696
2 0.6286057692307693 0.18990384615384615 0.13581730769230768 0.039663461538461536