2 0.4266826923076923 0.2704326923076923 0.18269230769230768 0.05889423076923077
2 0.6502403846153846 0.3269230769230769 0.17668269230769232 0.09615384615384616
2 0.44591346153846156 0.34975961538461536 0.20793269230769232 0.08533653846153846
2 0.6286057692307693 0.41225961538461536 0.15504807692307693 0.0625
2 0.4423076923076923 0.4519230769230769 0.17307692307692307 0.07932692307692307
2 0.6622596153846154 0.484375 0.11899038461538461 0.0625
2 0.453125 0.5516826923076923 0.13701923076923078 0.09375
2 0.7151442307692307 0.5901442307692307 0.078125 0.09014423076923077
2 0.45552884615384615 0.6430288461538461 0.11778846153846154 0.06850961538461539
2 0.5036057692307693 0.7427884615384616 0.14903846153846154 0.054086538461538464
2 0.4182692307692308 0.8040865384615384 0.11177884615384616 0.038461538461538464
2 0.44471153846153844 0.11538461538461539 0.14302884615384615 0.056490384615384616
2 0.3545673076923077 0.18870192307692307 0.12139423076923077 0.07692307692307693
2 0.609375 0.21153846153846154 0.13221153846153846 0.10697115384615384