4 0.8858173076923077 0.16826923076923078 0.19471153846153846 0.042067307692307696
4 0.8641826923076923 0.2283653846153846 0.2704326923076923 0.04567307692307692
4 0.8341346153846154 0.30408653846153844 0.28846153846153844 0.07211538461538461
4 0.7536057692307693 0.38100961538461536 0.3112980769230769 0.0733173076923077
4 0.6394230769230769 0.47115384615384615 0.390625 0.06490384615384616
4 0.5552884615384616 0.5576923076923077 0.35216346153846156 0.06850961538461539
4 0.46634615384615385 0.6478365384615384 0.39783653846153844 0.0625
4 0.38341346153846156 0.7367788461538461 0.36899038461538464 0.07572115384615384
4 0.2824519230769231 0.8185096153846154 0.3798076923076923 0.056490384615384616
4 0.21875 0.9146634615384616 0.359375 0.0985576923076923
4 0.90625 0.1045673076923077 0.12379807692307693 0.04326923076923077