3 0.36899038461538464 0.3762019230769231 0.5564903846153846 0.14302884615384615
3 0.4230769230769231 0.5096153846153846 0.42427884615384615 0.09375
3 0.8870192307692307 0.6057692307692307 0.014423076923076924 0.05048076923076923
3 0.46634615384615385 0.6177884615384616 0.36899038461538464 0.04447115384615385
3 0.5252403846153846 0.6862980769230769 0.2692307692307692 0.06370192307692307
3 0.5649038461538461 0.7704326923076923 0.2127403846153846 0.06129807692307692
3 0.9170673076923077 0.8149038461538461 0.0673076923076923 0.30288461538461536
3 0.6201923076923077 0.8557692307692307 0.0829326923076923 0.08413461538461539
3 0.9735576923076923 0.8665865384615384 0.026442307692307692 0.17668269230769232
3 0.2548076923076923 0.14783653846153846 0.47836538461538464 0.25721153846153844
3 0.5372596153846154 0.17427884615384615 0.054086538461538464 0.2403846153846154
3 0.6021634615384616 0.20793269230769232 0.042067307692307696 0.15384615384615385