3 0.9194711538461539 0.15504807692307693 0.09134615384615384 0.057692307692307696
3 0.8725961538461539 0.23076923076923078 0.09134615384615384 0.055288461538461536
3 0.8125 0.2692307692307692 0.027644230769230768 0.030048076923076924
3 0.5504807692307693 0.3161057692307692 0.04927884615384615 0.05048076923076923
3 0.7800480769230769 0.32211538461538464 0.03365384615384615 0.028846153846153848
3 0.4266826923076923 0.3233173076923077 0.04807692307692308 0.04567307692307692
3 0.7487980769230769 0.3545673076923077 0.03125 0.039663461538461536
3 0.48197115384615385 0.38341346153846156 0.027644230769230768 0.039663461538461536
3 0.21514423076923078 0.4639423076923077 0.030048076923076924 0.019230769230769232
3 0.1778846153846154 0.4879807692307692 0.020432692307692308 0.02283653846153846
3 0.4963942307692308 0.6298076923076923 0.07932692307692307 0.054086538461538464
3 0.054086538461538464 0.6358173076923077 0.06129807692307692 0.038461538461538464
3 0.8112980769230769 0.06610576923076923 0.04927884615384615 0.026442307692307692
3 0.015625 0.6802884615384616 0.030048076923076924 0.04447115384615385
3 0.18990384615384615 0.6802884615384616 0.03125 0.037259615384615384
3 0.4326923076923077 0.6814903846153846 0.051682692307692304 0.046875
3 0.2764423076923077 0.6875 0.08774038461538461 0.03245192307692308
3 0.8401442307692307 0.7487980769230769 0.0673076923076923 0.056490384615384616
3 0.11177884615384616 0.7848557692307693 0.046875 0.040865384615384616
3 0.8725961538461539 0.796875 0.06971153846153846 0.020432692307692308
3 0.054086538461538464 0.8209134615384616 0.04447115384615385 0.051682692307692304
3 0.8978365384615384 0.8317307692307693 0.052884615384615384 0.036057692307692304
3 0.8425480769230769 0.859375 0.04927884615384615 0.056490384615384616
3 0.026442307692307692 0.875 0.039663461538461536 0.03485576923076923
3 0.7836538461538461 0.8834134615384616 0.0625 0.05048076923076923
3 0.7115384615384616 0.8918269230769231 0.057692307692307696 0.052884615384615384
3 0.65625 0.9170673076923077 0.046875 0.04567307692307692
3 0.5841346153846154 0.9411057692307693 0.055288461538461536 0.06610576923076923
3 0.5228365384615384 0.9675480769230769 0.04326923076923077 0.051682692307692304
3 0.4723557692307692 0.9759615384615384 0.04807692307692308 0.03485576923076923
3 0.9771634615384616 0.09975961538461539 0.040865384615384616 0.040865384615384616
3 0.7548076923076923 0.1045673076923077 0.039663461538461536 0.04326923076923077