3 0.5877403846153846 0.28966346153846156 0.1141826923076923 0.25600961538461536
3 0.9134615384615384 0.3088942307692308 0.06850961538461539 0.0673076923076923
3 0.47475961538461536 0.3173076923076923 0.0889423076923077 0.1045673076923077
3 0.054086538461538464 0.03365384615384615 0.01201923076923077 0.03485576923076923
3 0.5865384615384616 0.4326923076923077 0.0733173076923077 0.020432692307692308
3 0.40024038461538464 0.43990384615384615 0.21394230769230768 0.11778846153846154
3 0.25721153846153844 0.46153846153846156 0.040865384615384616 0.04447115384615385
3 0.6514423076923077 0.6310096153846154 0.009615384615384616 0.36658653846153844
3 0.1141826923076923 0.6382211538461539 0.06971153846153846 0.056490384615384616
3 0.5841346153846154 0.6538461538461539 0.10697115384615384 0.40865384615384615
3 0.028846153846153848 0.06971153846153846 0.02283653846153846 0.11899038461538461
3 0.11658653846153846 0.6875 0.056490384615384616 0.013221153846153846
3 0.34375 0.7367788461538461 0.3545673076923077 0.45913461538461536
3 0.07692307692307693 0.8305288461538461 0.15144230769230768 0.24879807692307693
3 0.5625 0.8942307692307693 0.052884615384615384 0.038461538461538464
3 0.078125 0.9723557692307693 0.0673076923076923 0.026442307692307692
3 0.46634615384615385 0.9807692307692307 0.04567307692307692 0.018028846153846152
3 0.6189903846153846 0.12740384615384615 0.0625 0.04807692307692308
3 0.9314903846153846 0.140625 0.09615384615384616 0.24519230769230768
3 0.02403846153846154 0.17067307692307693 0.026442307692307692 0.06370192307692307