2 0.6213942307692307 0.2403846153846154 0.171875 0.09975961538461539
2 0.6201923076923077 0.3269230769230769 0.1141826923076923 0.055288461538461536
2 0.7271634615384616 0.40024038461538464 0.08533653846153846 0.052884615384615384
2 0.59375 0.4026442307692308 0.07692307692307693 0.06610576923076923
2 0.6502403846153846 0.49399038461538464 0.15865384615384615 0.07091346153846154
2 0.5336538461538461 0.5913461538461539 0.1141826923076923 0.07932692307692307
2 0.6358173076923077 0.6983173076923077 0.14543269230769232 0.0829326923076923
2 0.4579326923076923 0.7067307692307693 0.11778846153846154 0.06490384615384616
2 0.5625 0.8245192307692307 0.2644230769230769 0.0985576923076923
2 0.3737980769230769 0.8846153846153846 0.09254807692307693 0.036057692307692304
2 0.5504807692307693 0.9507211538461539 0.23557692307692307 0.09375