2 0.5096153846153846 0.3425480769230769 0.38461538461538464 0.06129807692307692
2 0.5480769230769231 0.421875 0.359375 0.0733173076923077
2 0.5612980769230769 0.5180288461538461 0.3870192307692308 0.07932692307692307
2 0.5637019230769231 0.6045673076923077 0.3605769230769231 0.07451923076923077
2 0.5625 0.6862980769230769 0.33533653846153844 0.0673076923076923
2 0.5769230769230769 0.765625 0.28725961538461536 0.057692307692307696
2 0.5901442307692307 0.8269230769230769 0.26322115384615385 0.04447115384615385
2 0.578125 0.8834134615384616 0.15745192307692307 0.057692307692307696
2 0.4338942307692308 0.10096153846153846 0.10817307692307693 0.07211538461538461
2 0.4891826923076923 0.18269230769230768 0.21153846153846154 0.052884615384615384
2 0.5144230769230769 0.25841346153846156 0.3473557692307692 0.0733173076923077