3 0.8377403846153846 0.25841346153846156 0.11177884615384616 0.1201923076923077
3 0.19591346153846154 0.028846153846153848 0.22115384615384615 0.04326923076923077
3 0.24639423076923078 0.35096153846153844 0.3894230769230769 0.578125
3 0.6129807692307693 0.421875 0.25841346153846156 0.5444711538461539
3 0.8605769230769231 0.5528846153846154 0.13581730769230768 0.4074519230769231
3 0.32091346153846156 0.6742788461538461 0.23197115384615385 0.04447115384615385
3 0.5288461538461539 0.7475961538461539 0.40865384615384615 0.05889423076923077
3 0.8617788461538461 0.7956730769230769 0.11658653846153846 0.04927884615384615
3 0.5528846153846154 0.8185096153846154 0.3713942307692308 0.054086538461538464
3 0.8125 0.8966346153846154 0.19110576923076922 0.09254807692307693
3 0.4495192307692308 0.9314903846153846 0.27163461538461536 0.13581730769230768
3 0.7920673076923077 0.9747596153846154 0.23918269230769232 0.046875