3 0.7644230769230769 0.2824519230769231 0.46634615384615385 0.5504807692307693
3 0.39302884615384615 0.38221153846153844 0.15745192307692307 0.49278846153846156
3 0.15264423076923078 0.5252403846153846 0.15745192307692307 0.3894230769230769
3 0.7536057692307693 0.5973557692307693 0.3786057692307692 0.06850961538461539
3 0.5288461538461539 0.671875 0.40865384615384615 0.054086538461538464
3 0.6021634615384616 0.7632211538461539 0.18389423076923078 0.10336538461538461
3 0.22115384615384615 0.7992788461538461 0.3605769230769231 0.12139423076923077
3 0.5985576923076923 0.8401442307692307 0.19951923076923078 0.037259615384615384
3 0.4098557692307692 0.9146634615384616 0.3233173076923077 0.08653846153846154
3 0.38341346153846156 0.9699519230769231 0.052884615384615384 0.010817307692307692
3 0.38822115384615385 0.9891826923076923 0.0625 0.015625