2 0.23918269230769232 0.36899038461538464 0.24639423076923078 0.0829326923076923
2 0.22956730769230768 0.5036057692307693 0.2283653846153846 0.10697115384615384
2 0.22596153846153846 0.6141826923076923 0.2403846153846154 0.07211538461538461
2 0.953125 0.6346153846153846 0.0889423076923077 0.0673076923076923
2 0.6766826923076923 0.07211538461538461 0.21754807692307693 0.03485576923076923
2 0.17908653846153846 0.703125 0.2692307692307692 0.06129807692307692
2 0.9002403846153846 0.7307692307692307 0.12620192307692307 0.056490384615384616
2 0.1935096153846154 0.8028846153846154 0.14543269230769232 0.07692307692307693
2 0.8305288461538461 0.8064903846153846 0.09735576923076923 0.0733173076923077
2 0.4963942307692308 0.13701923076923078 0.17548076923076922 0.04567307692307692
2 0.22235576923076922 0.1971153846153846 0.15264423076923078 0.04326923076923077
2 0.24879807692307693 0.26802884615384615 0.23557692307692307 0.08533653846153846