2 0.21995192307692307 0.1778846153846154 0.41466346153846156 0.10216346153846154
2 0.06971153846153846 0.02403846153846154 0.13942307692307693 0.040865384615384616
2 0.3389423076923077 0.28966346153846156 0.40024038461538464 0.09495192307692307
2 0.48677884615384615 0.39663461538461536 0.47836538461538464 0.10216346153846154
2 0.5829326923076923 0.5072115384615384 0.4879807692307692 0.09134615384615384
2 0.7427884615384616 0.5913461538461539 0.5120192307692307 0.055288461538461536
2 0.796875 0.6634615384615384 0.3858173076923077 0.054086538461538464
2 0.4879807692307692 0.7487980769230769 0.10216346153846154 0.042067307692307696
2 0.7920673076923077 0.75 0.4110576923076923 0.07211538461538461
2 0.26322115384615385 0.8016826923076923 0.13581730769230768 0.04927884615384615
2 0.1466346153846154 0.08653846153846154 0.26322115384615385 0.06610576923076923
2 0.375 0.875 0.19471153846153846 0.06490384615384616
2 0.4423076923076923 0.9567307692307693 0.20673076923076922 0.06971153846153846
2 0.9627403846153846 0.9567307692307693 0.06971153846153846 0.03365384615384615