2 0.33533653846153844 0.27283653846153844 0.15264423076923078 0.04326923076923077
2 0.4074519230769231 0.3798076923076923 0.20793269230769232 0.054086538461538464
2 0.5300480769230769 0.4338942307692308 0.1141826923076923 0.056490384615384616
2 0.5132211538461539 0.5084134615384616 0.21995192307692307 0.05048076923076923
2 0.6310096153846154 0.578125 0.09615384615384616 0.04567307692307692
2 0.6105769230769231 0.6442307692307693 0.29447115384615385 0.040865384615384616
2 0.7211538461538461 0.7067307692307693 0.14783653846153846 0.056490384615384616
2 0.65625 0.7860576923076923 0.10576923076923077 0.04326923076923077
2 0.8353365384615384 0.8353365384615384 0.1658653846153846 0.04807692307692308
2 0.8137019230769231 0.8966346153846154 0.17067307692307693 0.037259615384615384
2 0.2644230769230769 0.18629807692307693 0.10216346153846154 0.06129807692307692