2 0.7836538461538461 0.2956730769230769 0.1310096153846154 0.037259615384615384
2 0.49278846153846156 0.3137019230769231 0.057692307692307696 0.03125
2 0.7019230769230769 0.03245192307692308 0.10576923076923077 0.05889423076923077
2 0.8076923076923077 0.3473557692307692 0.12740384615384615 0.04447115384615385
2 0.47836538461538464 0.3581730769230769 0.08533653846153846 0.03125
2 0.5492788461538461 0.4050480769230769 0.1045673076923077 0.038461538461538464
2 0.8389423076923077 0.41225961538461536 0.11778846153846154 0.056490384615384616
2 0.5949519230769231 0.43990384615384615 0.036057692307692304 0.02403846153846154
2 0.5204326923076923 0.44350961538461536 0.0889423076923077 0.02283653846153846
1 0.06129807692307692 0.4495192307692308 0.10817307692307693 0.09375
2 0.5817307692307693 0.47475961538461536 0.11298076923076923 0.03125
2 0.8485576923076923 0.47716346153846156 0.06610576923076923 0.042067307692307696
2 0.6430288461538461 0.5072115384615384 0.09375 0.025240384615384616
2 0.875 0.5336538461538461 0.07091346153846154 0.038461538461538464
1 0.13701923076923078 0.5528846153846154 0.22235576923076922 0.08413461538461539
2 0.6310096153846154 0.5552884615384616 0.13581730769230768 0.04567307692307692
2 0.8846153846153846 0.5877403846153846 0.08052884615384616 0.04807692307692308
2 0.6838942307692307 0.609375 0.13942307692307693 0.042067307692307696
1 0.23076923076923078 0.6418269230769231 0.21634615384615385 0.06850961538461539
2 0.7067307692307693 0.65625 0.1346153846153846 0.03245192307692308
2 0.9519230769230769 0.6911057692307693 0.0673076923076923 0.05889423076923077
2 0.7512019230769231 0.6995192307692307 0.10817307692307693 0.039663461538461536
1 0.36899038461538464 0.7331730769230769 0.21634615384615385 0.07451923076923077
2 0.9831730769230769 0.7439903846153846 0.03125 0.021634615384615384
2 0.9134615384615384 0.7463942307692307 0.0625 0.037259615384615384
2 0.7728365384615384 0.7512019230769231 0.09975961538461539 0.051682692307692304
1 0.057692307692307696 0.7716346153846154 0.10216346153846154 0.0829326923076923
2 0.25721153846153844 0.08052884615384616 0.078125 0.042067307692307696
1 0.4326923076923077 0.8076923076923077 0.1346153846153846 0.06971153846153846
2 0.8473557692307693 0.8100961538461539 0.07692307692307693 0.051682692307692304
2 0.9567307692307693 0.8112980769230769 0.08173076923076923 0.046875
1 0.1935096153846154 0.8413461538461539 0.09735576923076923 0.09014423076923077
1 0.07932692307692307 0.8461538461538461 0.10697115384615384 0.039663461538461536
2 0.8882211538461539 0.8665865384615384 0.10817307692307693 0.04447115384615385
1 0.23197115384615385 0.921875 0.12139423076923077 0.04807692307692308
2 0.9170673076923077 0.9290865384615384 0.13221153846153846 0.057692307692307696
1 0.640625 0.9675480769230769 0.07211538461538461 0.054086538461538464
2 0.7211538461538461 0.10216346153846154 0.1141826923076923 0.056490384615384616
2 0.3329326923076923 0.10576923076923077 0.04447115384615385 0.027644230769230768
2 0.27403846153846156 0.11658653846153846 0.055288461538461536 0.018028846153846152
2 0.34975961538461536 0.15144230769230768 0.0733173076923077 0.052884615384615384
2 0.7560096153846154 0.19110576923076922 0.11899038461538461 0.056490384615384616
2 0.3701923076923077 0.1971153846153846 0.08052884615384616 0.025240384615384616
2 0.40024038461538464 0.23677884615384615 0.09735576923076923 0.039663461538461536
2 0.765625 0.25240384615384615 0.1141826923076923 0.04807692307692308
2 0.4362980769230769 0.27524038461538464 0.09615384615384616 0.025240384615384616