3 0.29927884615384615 0.25961538461538464 0.20072115384615385 0.05048076923076923
3 0.6237980769230769 0.28966346153846156 0.08413461538461539 0.052884615384615384
3 0.2920673076923077 0.3173076923076923 0.09375 0.028846153846153848
3 0.6622596153846154 0.35216346153846156 0.0733173076923077 0.04447115384615385
3 0.3798076923076923 0.3762019230769231 0.18028846153846154 0.04927884615384615
3 0.9555288461538461 0.38822115384615385 0.08774038461538461 0.11899038461538461
3 0.055288461538461536 0.039663461538461536 0.08774038461538461 0.04447115384615385
3 0.3870192307692308 0.4254807692307692 0.08052884615384616 0.027644230769230768
3 0.7355769230769231 0.43028846153846156 0.1141826923076923 0.07932692307692307
3 0.4423076923076923 0.4723557692307692 0.13822115384615385 0.030048076923076924
3 0.47596153846153844 0.5276442307692307 0.11899038461538461 0.04927884615384615
3 0.7596153846153846 0.5588942307692307 0.10817307692307693 0.09495192307692307
3 0.5504807692307693 0.5985576923076923 0.13701923076923078 0.057692307692307696
3 0.5108173076923077 0.06850961538461539 0.13701923076923078 0.11298076923076923
3 0.8112980769230769 0.6670673076923077 0.10817307692307693 0.08653846153846154
3 0.5913461538461539 0.6790865384615384 0.1141826923076923 0.04807692307692308
3 0.6117788461538461 0.7487980769230769 0.09495192307692307 0.03125
3 0.8365384615384616 0.8064903846153846 0.11298076923076923 0.12860576923076922
3 0.09375 0.08774038461538461 0.09735576923076923 0.030048076923076924
3 0.6189903846153846 0.8930288461538461 0.04567307692307692 0.2091346153846154
3 0.8269230769230769 0.9447115384615384 0.10697115384615384 0.09735576923076923
3 0.14302884615384615 0.1310096153846154 0.11177884615384616 0.03125
3 0.2091346153846154 0.18269230769230768 0.12740384615384615 0.06009615384615385
3 0.5961538461538461 0.18990384615384615 0.17548076923076922 0.09254807692307693