2 0.7391826923076923 0.20673076923076922 0.31971153846153844 0.051682692307692304
2 0.6778846153846154 0.29086538461538464 0.3269230769230769 0.07451923076923077
2 0.6622596153846154 0.38221153846153844 0.359375 0.07692307692307693
2 0.5793269230769231 0.4891826923076923 0.4519230769230769 0.056490384615384616
2 0.5913461538461539 0.5600961538461539 0.3137019230769231 0.046875
2 0.33052884615384615 0.625 0.31971153846153844 0.06370192307692307
2 0.6117788461538461 0.6634615384615384 0.13581730769230768 0.1346153846153846
2 0.421875 0.6862980769230769 0.23317307692307693 0.04567307692307692
2 0.5492788461538461 0.7524038461538461 0.21514423076923078 0.027644230769230768
2 0.6754807692307693 0.8100961538461539 0.24158653846153846 0.06370192307692307
2 0.6298076923076923 0.13701923076923078 0.22956730769230768 0.0673076923076923