3 0.5132211538461539 0.8641826923076923 0.030048076923076924 0.08653846153846154
3 0.3954326923076923 0.8966346153846154 0.036057692307692304 0.056490384615384616
3 0.4795673076923077 0.9002403846153846 0.028846153846153848 0.08774038461538461
3 0.3269230769230769 0.9591346153846154 0.03365384615384615 0.07692307692307693
3 0.25961538461538464 0.9651442307692307 0.018028846153846152 0.0625
3 0.4375 0.9699519230769231 0.03365384615384615 0.055288461538461536
3 0.8557692307692307 0.14182692307692307 0.03485576923076923 0.0985576923076923
3 0.3641826923076923 0.1466346153846154 0.03485576923076923 0.0733173076923077
3 0.828125 0.21153846153846154 0.015625 0.07692307692307693
3 0.3473557692307692 0.234375 0.021634615384615384 0.055288461538461536
3 0.90625 0.027644230769230768 0.037259615384615384 0.04927884615384615
3 0.7415865384615384 0.27884615384615385 0.02283653846153846 0.051682692307692304
3 0.7980769230769231 0.2824519230769231 0.03485576923076923 0.09134615384615384
3 0.4675480769230769 0.29086538461538464 0.03365384615384615 0.125
3 0.32572115384615385 0.2920673076923077 0.016826923076923076 0.0673076923076923
3 0.6706730769230769 0.296875 0.028846153846153848 0.055288461538461536
3 0.7391826923076923 0.3870192307692308 0.039663461538461536 0.10216346153846154
3 0.5853365384615384 0.39302884615384615 0.015625 0.06490384615384616
3 0.5685096153846154 0.44350961538461536 0.019230769230769232 0.039663461538461536
3 0.6959134615384616 0.46033653846153844 0.02403846153846154 0.11538461538461539
3 0.546875 0.49399038461538464 0.015625 0.036057692307692304
3 0.5216346153846154 0.5348557692307693 0.020432692307692308 0.057692307692307696
3 0.6574519230769231 0.5625 0.028846153846153848 0.10096153846153846
3 0.625 0.6358173076923077 0.02283653846153846 0.07692307692307693
3 0.359375 0.6802884615384616 0.040865384615384616 0.10576923076923077
3 0.22956730769230768 0.6875 0.05889423076923077 0.109375
3 0.59375 0.7103365384615384 0.036057692307692304 0.06490384615384616
3 0.3004807692307692 0.7151442307692307 0.056490384615384616 0.14543269230769232
3 0.15504807692307693 0.7211538461538461 0.04567307692307692 0.0625
3 0.0985576923076923 0.7367788461538461 0.025240384615384616 0.0733173076923077
3 0.5588942307692307 0.765625 0.03125 0.0829326923076923
3 0.0625 0.7764423076923077 0.036057692307692304 0.08653846153846154
3 0.47596153846153844 0.7908653846153846 0.039663461538461536 0.07692307692307693
3 0.11538461538461539 0.8125 0.03245192307692308 0.038461538461538464
3 0.2127403846153846 0.8137019230769231 0.09254807692307693 0.051682692307692304