2 0.8185096153846154 0.19591346153846154 0.14903846153846154 0.02283653846153846
2 0.2848557692307692 0.23798076923076922 0.1622596153846154 0.0625
2 0.4639423076923077 0.2932692307692308 0.12259615384615384 0.036057692307692304
2 0.2932692307692308 0.30528846153846156 0.11778846153846154 0.028846153846153848
2 0.8894230769230769 0.30528846153846156 0.07451923076923077 0.07932692307692307
2 0.40865384615384615 0.37259615384615385 0.19831730769230768 0.030048076923076924
2 0.42908653846153844 0.4050480769230769 0.21514423076923078 0.036057692307692304
2 0.3942307692307692 0.4411057692307692 0.2247596153846154 0.026442307692307692
2 0.5673076923076923 0.46875 0.09134615384615384 0.019230769230769232
2 0.4567307692307692 0.47836538461538464 0.09735576923076923 0.037259615384615384
2 0.44711538461538464 0.5216346153846154 0.10697115384615384 0.026442307692307692
2 0.5420673076923077 0.5432692307692307 0.0733173076923077 0.027644230769230768
2 0.4375 0.5564903846153846 0.0829326923076923 0.03365384615384615
2 0.5456730769230769 0.578125 0.09134615384615384 0.03125
2 0.5745192307692307 0.6129807692307693 0.08173076923076923 0.03125
2 0.47596153846153844 0.6442307692307693 0.08653846153846154 0.03485576923076923
2 0.6141826923076923 0.6490384615384616 0.11177884615384616 0.036057692307692304
2 0.640625 0.6838942307692307 0.06850961538461539 0.016826923076923076
2 0.6045673076923077 0.7043269230769231 0.10817307692307693 0.018028846153846152
2 0.7620192307692307 0.7199519230769231 0.09975961538461539 0.021634615384615384
2 0.6069711538461539 0.7235576923076923 0.04567307692307692 0.009615384615384616
2 0.6742788461538461 0.734375 0.06850961538461539 0.010817307692307692
2 0.7512019230769231 0.7548076923076923 0.15625 0.02403846153846154
2 0.734375 0.7836538461538461 0.11057692307692307 0.019230769230769232
2 0.7980769230769231 0.8052884615384616 0.14903846153846154 0.013221153846153846
2 0.8088942307692307 0.8329326923076923 0.14182692307692307 0.03365384615384615
2 0.8401442307692307 0.8677884615384616 0.1201923076923077 0.021634615384615384
2 0.2608173076923077 0.0889423076923077 0.11899038461538461 0.037259615384615384
2 0.8725961538461539 0.8954326923076923 0.1346153846153846 0.021634615384615384
2 0.9326923076923077 0.9338942307692307 0.12980769230769232 0.03125
2 0.6153846153846154 0.09495192307692307 0.15264423076923078 0.0829326923076923
2 0.7415865384615384 0.12139423076923077 0.06971153846153846 0.038461538461538464
2 0.22716346153846154 0.12139423076923077 0.15865384615384615 0.016826923076923076
2 0.28966346153846156 0.14302884615384615 0.04807692307692308 0.016826923076923076
2 0.7355769230769231 0.16466346153846154 0.1466346153846154 0.03365384615384615
2 0.39903846153846156 0.16706730769230768 0.0889423076923077 0.04807692307692308
2 0.28365384615384615 0.1814903846153846 0.07572115384615384 0.040865384615384616