0 0.8137019230769231 0.9002403846153846 0.12259615384615384 0.039663461538461536
0 0.8858173076923077 0.9771634615384616 0.03485576923076923 0.04447115384615385
0 0.5408653846153846 0.11899038461538461 0.055288461538461536 0.046875
0 0.35697115384615385 0.21634615384615385 0.5336538461538461 0.09014423076923077
0 0.6862980769230769 0.23798076923076922 0.04326923076923077 0.046875
0 0.24879807692307693 0.3161057692307692 0.15625 0.07091346153846154
0 0.7319711538461539 0.33774038461538464 0.06610576923076923 0.14783653846153846
0 0.33653846153846156 0.40384615384615385 0.10817307692307693 0.0733173076923077
0 0.5540865384615384 0.40865384615384615 0.24519230769230768 0.24158653846153846
0 0.8569711538461539 0.41947115384615385 0.056490384615384616 0.07091346153846154
0 0.7668269230769231 0.44471153846153844 0.05889423076923077 0.03245192307692308
0 0.4074519230769231 0.5252403846153846 0.03245192307692308 0.03125
0 0.5144230769230769 0.5661057692307693 0.1658653846153846 0.040865384615384616
0 0.7944711538461539 0.609375 0.20552884615384615 0.27163461538461536
0 0.5504807692307693 0.6322115384615384 0.18870192307692307 0.051682692307692304
0 0.9459134615384616 0.7283653846153846 0.057692307692307696 0.484375
0 0.6225961538461539 0.7415865384615384 0.09495192307692307 0.078125
0 0.7608173076923077 0.8341346153846154 0.18028846153846154 0.055288461538461536
0 0.24879807692307693 0.08533653846153846 0.46875 0.13701923076923078