4 0.04326923076923077 0.1466346153846154 0.0829326923076923 0.07091346153846154
4 0.296875 0.15985576923076922 0.06971153846153846 0.051682692307692304
4 0.6826923076923077 0.18629807692307693 0.07451923076923077 0.04326923076923077
4 0.41466346153846156 0.02403846153846154 0.19831730769230768 0.04807692307692308
4 0.6310096153846154 0.025240384615384616 0.040865384615384616 0.038461538461538464
4 0.953125 0.2439903846153846 0.06850961538461539 0.04927884615384615
4 0.5252403846153846 0.25240384615384615 0.21754807692307693 0.0985576923076923
4 0.18990384615384615 0.2764423076923077 0.10336538461538461 0.06490384615384616
4 0.3293269230769231 0.27884615384615385 0.06971153846153846 0.052884615384615384
4 0.9146634615384616 0.3016826923076923 0.08533653846153846 0.040865384615384616
4 0.75 0.03245192307692308 0.11899038461538461 0.0625
4 0.09615384615384616 0.037259615384615384 0.08653846153846154 0.02403846153846154
4 0.8581730769230769 0.3713942307692308 0.16466346153846154 0.0829326923076923
4 0.20072115384615385 0.3858173076923077 0.3485576923076923 0.1045673076923077
4 0.6298076923076923 0.3894230769230769 0.23197115384615385 0.07451923076923077
4 0.6622596153846154 0.5132211538461539 0.2127403846153846 0.12740384615384615
4 0.30528846153846156 0.5168269230769231 0.3016826923076923 0.11778846153846154
4 0.4567307692307692 0.7019230769230769 0.27283653846153844 0.13221153846153846
4 0.4411057692307692 0.8882211538461539 0.2860576923076923 0.21875
4 0.2824519230769231 0.09014423076923077 0.0733173076923077 0.06850961538461539
4 0.9098557692307693 0.09254807692307693 0.11778846153846154 0.14783653846153846
4 0.4951923076923077 0.11778846153846154 0.23076923076923078 0.11778846153846154
4 0.1502403846153846 0.125 0.055288461538461536 0.04807692307692308