2 0.14423076923076922 0.20793269230769232 0.19471153846153846 0.0625
2 0.5372596153846154 0.22115384615384615 0.1502403846153846 0.08052884615384616
2 0.25841346153846156 0.27283653846153844 0.21514423076923078 0.046875
2 0.59375 0.3137019230769231 0.09735576923076923 0.07692307692307693
2 0.27884615384615385 0.33774038461538464 0.2692307692307692 0.06490384615384616
2 0.5084134615384616 0.40024038461538464 0.5348557692307693 0.04447115384615385
2 0.5877403846153846 0.47475961538461536 0.375 0.07091346153846154
2 0.6995192307692307 0.5444711538461539 0.26802884615384615 0.04326923076923077
2 0.7319711538461539 0.6141826923076923 0.484375 0.055288461538461536
2 0.8341346153846154 0.6778846153846154 0.33052884615384615 0.04567307692307692
2 0.8882211538461539 0.7283653846153846 0.21875 0.04807692307692308
2 0.9266826923076923 0.7884615384615384 0.11298076923076923 0.05048076923076923
2 0.9591346153846154 0.8713942307692307 0.08052884615384616 0.07451923076923077
2 0.05889423076923077 0.11057692307692307 0.11658653846153846 0.06850961538461539