2 0.3786057692307692 0.1310096153846154 0.0985576923076923 0.037259615384615384
2 0.390625 0.1778846153846154 0.12259615384615384 0.025240384615384616
2 0.4567307692307692 0.21995192307692307 0.12259615384615384 0.026442307692307692
2 0.051682692307692304 0.2283653846153846 0.10216346153846154 0.03485576923076923
2 0.4387019230769231 0.25961538461538464 0.11177884615384616 0.026442307692307692
2 0.11177884615384616 0.2848557692307692 0.1346153846153846 0.028846153846153848
2 0.578125 0.3137019230769231 0.10096153846153846 0.05889423076923077
2 0.1814903846153846 0.328125 0.10096153846153846 0.03245192307692308
2 0.5733173076923077 0.3701923076923077 0.11658653846153846 0.027644230769230768
2 0.33653846153846156 0.37259615384615385 0.09375 0.039663461538461536
2 0.7560096153846154 0.4254807692307692 0.13822115384615385 0.06490384615384616
2 0.2824519230769231 0.4338942307692308 0.18389423076923078 0.02283653846153846
2 0.48677884615384615 0.44591346153846156 0.0889423076923077 0.03485576923076923
2 0.47836538461538464 0.47836538461538464 0.08533653846153846 0.03365384615384615
2 0.7644230769230769 0.49158653846153844 0.10336538461538461 0.040865384615384616
2 0.3701923076923077 0.5216346153846154 0.13581730769230768 0.025240384615384616
2 0.38221153846153844 0.5240384615384616 0.10697115384615384 0.02283653846153846
2 0.8557692307692307 0.5408653846153846 0.20673076923076922 0.03125
2 0.9651442307692307 0.5817307692307693 0.06850961538461539 0.019230769230769232
2 0.6526442307692307 0.5829326923076923 0.09014423076923077 0.028846153846153848
2 0.546875 0.6502403846153846 0.22235576923076922 0.036057692307692304
2 0.7668269230769231 0.7920673076923077 0.15985576923076922 0.039663461538461536
2 0.9471153846153846 0.8677884615384616 0.0985576923076923 0.06610576923076923
2 0.17908653846153846 0.09254807692307693 0.16346153846153846 0.036057692307692304