3 0.39903846153846156 0.27403846153846156 0.29447115384615385 0.08413461538461539
3 0.11177884615384616 0.038461538461538464 0.037259615384615384 0.052884615384615384
3 0.46033653846153844 0.3894230769230769 0.2548076923076923 0.09735576923076923
3 0.515625 0.5024038461538461 0.29927884615384615 0.10216346153846154
3 0.5997596153846154 0.6153846153846154 0.30528846153846156 0.09254807692307693
3 0.6766826923076923 0.7379807692307693 0.359375 0.11538461538461539
3 0.9014423076923077 0.7560096153846154 0.04326923076923077 0.042067307692307696
3 0.23918269230769232 0.078125 0.19591346153846154 0.13701923076923078
3 0.5420673076923077 0.8257211538461539 0.04326923076923077 0.039663461538461536
3 0.7884615384615384 0.8810096153846154 0.38341346153846156 0.15504807692307693
3 0.84375 0.9855769230769231 0.28725961538461536 0.027644230769230768
3 0.3112980769230769 0.1875 0.2644230769230769 0.0673076923076923