2 0.4675480769230769 0.18389423076923078 0.1310096153846154 0.020432692307692308
2 0.5889423076923077 0.19831730769230768 0.04567307692307692 0.013221153846153846
2 0.3954326923076923 0.22596153846153846 0.06129807692307692 0.010817307692307692
2 0.3701923076923077 0.02403846153846154 0.04927884615384615 0.010817307692307692
2 0.5733173076923077 0.24519230769230768 0.109375 0.016826923076923076
2 0.42788461538461536 0.2548076923076923 0.06009615384615385 0.01201923076923077
2 0.5853365384615384 0.3125 0.08774038461538461 0.010817307692307692
2 0.6237980769230769 0.33653846153846156 0.12139423076923077 0.020432692307692308
2 0.7259615384615384 0.34615384615384615 0.038461538461538464 0.009615384615384616
2 0.4230769230769231 0.036057692307692304 0.026442307692307692 0.019230769230769232
2 0.6262019230769231 0.3545673076923077 0.08052884615384616 0.006009615384615385
2 0.4675480769230769 0.3581730769230769 0.15625 0.026442307692307692
2 0.7704326923076923 0.3629807692307692 0.08774038461538461 0.009615384615384616
2 0.6478365384615384 0.37259615384615385 0.07572115384615384 0.02403846153846154
2 0.6201923076923077 0.4014423076923077 0.12259615384615384 0.02403846153846154
2 0.6274038461538461 0.42427884615384615 0.09014423076923077 0.01201923076923077
2 0.4855769230769231 0.4411057692307692 0.13581730769230768 0.037259615384615384
2 0.6454326923076923 0.44471153846153844 0.054086538461538464 0.02403846153846154
2 0.6442307692307693 0.4735576923076923 0.0829326923076923 0.016826923076923076
2 0.47836538461538464 0.47475961538461536 0.05048076923076923 0.015625
2 0.5829326923076923 0.5096153846153846 0.21153846153846154 0.036057692307692304
2 0.5757211538461539 0.5492788461538461 0.2127403846153846 0.03245192307692308
2 0.5925480769230769 0.5901442307692307 0.18028846153846154 0.037259615384615384
2 0.4735576923076923 0.06009615384615385 0.06370192307692307 0.006009615384615385
2 0.5805288461538461 0.6262019230769231 0.22235576923076922 0.030048076923076924
2 0.5829326923076923 0.6610576923076923 0.21153846153846154 0.028846153846153848
2 0.6069711538461539 0.6947115384615384 0.14543269230769232 0.016826923076923076
2 0.5841346153846154 0.7319711538461539 0.1875 0.04567307692307692
2 0.4375 0.08052884615384616 0.12860576923076922 0.025240384615384616
2 0.6081730769230769 0.8064903846153846 0.1141826923076923 0.04807692307692308
2 0.6081730769230769 0.8629807692307693 0.12139423076923077 0.04326923076923077
2 0.6370192307692307 0.90625 0.08533653846153846 0.027644230769230768
2 0.6466346153846154 0.9350961538461539 0.051682692307692304 0.021634615384615384
2 0.7307692307692307 0.9615384615384616 0.078125 0.014423076923076924
2 0.5132211538461539 0.13822115384615385 0.10216346153846154 0.013221153846153846
2 0.4579326923076923 0.015625 0.06370192307692307 0.010817307692307692