4 0.3870192307692308 0.12980769230769232 0.3389423076923077 0.05889423076923077
4 0.3629807692307692 0.22235576923076922 0.21033653846153846 0.02283653846153846
4 0.5709134615384616 0.27884615384615385 0.22716346153846154 0.04326923076923077
4 0.4891826923076923 0.35096153846153844 0.26322115384615385 0.028846153846153848
4 0.5913461538461539 0.4375 0.42788461538461536 0.051682692307692304
4 0.7283653846153846 0.5264423076923077 0.5420673076923077 0.08653846153846154
4 0.8449519230769231 0.5985576923076923 0.21153846153846154 0.036057692307692304
4 0.5829326923076923 0.6358173076923077 0.15504807692307693 0.04326923076923077
4 0.5829326923076923 0.6947115384615384 0.2512019230769231 0.030048076923076924
4 0.8485576923076923 0.7668269230769231 0.29927884615384615 0.08413461538461539
4 0.8473557692307693 0.8713942307692307 0.3004807692307692 0.040865384615384616