2 0.5745192307692307 0.33653846153846156 0.0889423076923077 0.03245192307692308
2 0.6478365384615384 0.36778846153846156 0.07572115384615384 0.026442307692307692
2 0.5060096153846154 0.38341346153846156 0.17307692307692307 0.037259615384615384
2 0.43509615384615385 0.4170673076923077 0.09134615384615384 0.028846153846153848
2 0.48677884615384615 0.4411057692307692 0.036057692307692304 0.014423076923076924
2 0.3762019230769231 0.4543269230769231 0.13341346153846154 0.027644230769230768
2 0.4891826923076923 0.4735576923076923 0.07091346153846154 0.030048076923076924
2 0.2668269230769231 0.4891826923076923 0.15504807692307693 0.03485576923076923
2 0.40384615384615385 0.49278846153846156 0.06610576923076923 0.027644230769230768
2 0.2692307692307692 0.5456730769230769 0.1502403846153846 0.06490384615384616
2 0.14302884615384615 0.5480769230769231 0.06971153846153846 0.020432692307692308
2 0.25 0.5997596153846154 0.08413461538461539 0.027644230769230768
2 0.09134615384615384 0.6225961538461539 0.16826923076923078 0.11057692307692307
2 0.046875 0.7019230769230769 0.09375 0.03365384615384615
2 0.8894230769230769 0.17427884615384615 0.06850961538461539 0.028846153846153848
2 0.9699519230769231 0.17548076923076922 0.055288461538461536 0.0625
2 0.7884615384615384 0.20552884615384615 0.05048076923076923 0.02403846153846154
2 0.8942307692307693 0.2127403846153846 0.0829326923076923 0.037259615384615384
2 0.7800480769230769 0.2439903846153846 0.10817307692307693 0.03365384615384615
2 0.78125 0.2848557692307692 0.10576923076923077 0.03125
2 0.6574519230769231 0.296875 0.12740384615384615 0.037259615384615384