2 0.5 0.24158653846153846 0.14423076923076922 0.07211538461538461
2 0.4831730769230769 0.33533653846153844 0.0889423076923077 0.052884615384615384
2 0.5733173076923077 0.3918269230769231 0.05048076923076923 0.04927884615384615
2 0.4987980769230769 0.4495192307692308 0.057692307692307696 0.04927884615384615
2 0.578125 0.5132211538461539 0.07572115384615384 0.04927884615384615
2 0.6129807692307693 0.5588942307692307 0.04447115384615385 0.018028846153846152
2 0.5072115384615384 0.5612980769230769 0.057692307692307696 0.046875
2 0.5504807692307693 0.6189903846153846 0.10697115384615384 0.06370192307692307
2 0.5588942307692307 0.7367788461538461 0.11538461538461539 0.04326923076923077
2 0.5697115384615384 0.8269230769230769 0.07451923076923077 0.0625
2 0.49278846153846156 0.16105769230769232 0.09975961538461539 0.055288461538461536