2 0.6286057692307693 0.15504807692307693 0.12379807692307693 0.04807692307692308
2 0.16706730769230768 0.17908653846153846 0.2848557692307692 0.054086538461538464
2 0.6995192307692307 0.23197115384615385 0.12379807692307693 0.054086538461538464
2 0.26802884615384615 0.27283653846153844 0.46875 0.08533653846153846
2 0.7608173076923077 0.3088942307692308 0.08653846153846154 0.055288461538461536
2 0.3786057692307692 0.38341346153846156 0.6177884615384616 0.08413461538461539
2 0.46875 0.4735576923076923 0.7355769230769231 0.07211538461538461
2 0.6358173076923077 0.5673076923076923 0.7235576923076923 0.07211538461538461
2 0.6838942307692307 0.6622596153846154 0.6274038461538461 0.06971153846153846
2 0.8137019230769231 0.734375 0.36778846153846156 0.05048076923076923
2 0.8581730769230769 0.8028846153846154 0.27884615384615385 0.03365384615384615
2 0.07692307692307693 0.08533653846153846 0.13942307692307693 0.09014423076923077
2 0.8930288461538461 0.8617788461538461 0.171875 0.054086538461538464