2 0.39663461538461536 0.46274038461538464 0.18990384615384615 0.04807692307692308
2 0.5276442307692307 0.051682692307692304 0.030048076923076924 0.03245192307692308
2 0.38461538461538464 0.5372596153846154 0.21514423076923078 0.07572115384615384
2 0.5336538461538461 0.5829326923076923 0.05889423076923077 0.06370192307692307
2 0.40865384615384615 0.6165865384615384 0.15264423076923078 0.055288461538461536
2 0.6141826923076923 0.671875 0.020432692307692308 0.09014423076923077
2 0.3701923076923077 0.6814903846153846 0.21875 0.04927884615384615
2 0.5444711538461539 0.7151442307692307 0.09014423076923077 0.17668269230769232
2 0.41947115384615385 0.7860576923076923 0.12860576923076922 0.11658653846153846
2 0.27163461538461536 0.7860576923076923 0.13822115384615385 0.12860576923076922
2 0.38100961538461536 0.8689903846153846 0.22235576923076922 0.028846153846153848
2 0.375 0.9483173076923077 0.25961538461538464 0.0985576923076923
2 0.5348557692307693 0.14302884615384615 0.0889423076923077 0.11778846153846154
2 0.6069711538461539 0.14543269230769232 0.021634615384615384 0.056490384615384616
2 0.6274038461538461 0.3173076923076923 0.07211538461538461 0.06490384615384616
2 0.3954326923076923 0.38221153846153844 0.08413461538461539 0.03125
2 0.6153846153846154 0.4074519230769231 0.12860576923076922 0.09254807692307693
2 0.390625 0.4206730769230769 0.13221153846153846 0.021634615384615384