2 0.5096153846153846 0.24519230769230768 0.2439903846153846 0.057692307692307696
2 0.44350961538461536 0.3137019230769231 0.20072115384615385 0.052884615384615384
2 0.4543269230769231 0.38461538461538464 0.20793269230769232 0.052884615384615384
2 0.4567307692307692 0.47115384615384615 0.22596153846153846 0.07211538461538461
2 0.4326923076923077 0.5480769230769231 0.17908653846153846 0.046875
2 0.4206730769230769 0.6274038461538461 0.18509615384615385 0.055288461538461536
2 0.4362980769230769 0.6983173076923077 0.16105769230769232 0.052884615384615384
2 0.37740384615384615 0.7836538461538461 0.12740384615384615 0.06490384615384616
2 0.39663461538461536 0.8701923076923077 0.09254807692307693 0.06971153846153846
2 0.4723557692307692 0.09014423076923077 0.20072115384615385 0.08173076923076923
2 0.5 0.16346153846153846 0.14543269230769232 0.039663461538461536