0 0.8846153846153846 0.7247596153846154 0.09254807692307693 0.41586538461538464
0 0.78125 0.90625 0.028846153846153848 0.057692307692307696
0 0.13341346153846154 0.13341346153846154 0.14783653846153846 0.23317307692307693
0 0.2644230769230769 0.23197115384615385 0.08052884615384616 0.328125
0 0.20192307692307693 0.33052884615384615 0.03365384615384615 0.0889423076923077
0 0.35216346153846156 0.33413461538461536 0.06610576923076923 0.3581730769230769
0 0.43509615384615385 0.3954326923076923 0.06610576923076923 0.35336538461538464
0 0.5192307692307693 0.4675480769230769 0.07211538461538461 0.3918269230769231
0 0.6009615384615384 0.5 0.06971153846153846 0.36899038461538464
0 0.6911057692307693 0.5805288461538461 0.08173076923076923 0.41586538461538464
0 0.7836538461538461 0.6598557692307693 0.08052884615384616 0.41346153846153844
0 0.9615384615384616 0.6947115384615384 0.042067307692307696 0.2283653846153846