3 0.9399038461538461 0.28125 0.06850961538461539 0.08173076923076923
3 0.36778846153846156 0.30528846153846156 0.09975961538461539 0.1466346153846154
3 0.921875 0.3605769230769231 0.03125 0.03365384615384615
3 0.8413461538461539 0.38100961538461536 0.09975961538461539 0.10336538461538461
3 0.48197115384615385 0.40865384615384615 0.08653846153846154 0.14903846153846154
3 0.8125 0.46153846153846156 0.042067307692307696 0.03245192307692308
3 0.7331730769230769 0.49158653846153844 0.09495192307692307 0.08533653846153846
3 0.4987980769230769 0.5588942307692307 0.0733173076923077 0.04807692307692308
3 0.6983173076923077 0.5721153846153846 0.046875 0.038461538461538464
3 0.6274038461538461 0.5829326923076923 0.08052884615384616 0.1201923076923077
3 0.5192307692307693 0.6550480769230769 0.09375 0.12860576923076922
3 0.40024038461538464 0.7067307692307693 0.125 0.1346153846153846
3 0.28365384615384615 0.7848557692307693 0.0889423076923077 0.07451923076923077
3 0.17548076923076922 0.8341346153846154 0.0733173076923077 0.04326923076923077