0 0.6754807692307693 0.40865384615384615 0.056490384615384616 0.07692307692307693
0 0.13581730769230768 0.6706730769230769 0.2692307692307692 0.5913461538461539
0 0.5817307692307693 0.7067307692307693 0.6033653846153846 0.5168269230769231
0 0.5456730769230769 0.12860576923076922 0.08413461538461539 0.054086538461538464
0 0.7283653846153846 0.21153846153846154 0.08653846153846154 0.265625
0 0.6622596153846154 0.2439903846153846 0.021634615384615384 0.04807692307692308
0 0.8701923076923077 0.2668269230769231 0.06850961538461539 0.3233173076923077
0 0.2704326923076923 0.27524038461538464 0.038461538461538464 0.08052884615384616
0 0.3629807692307692 0.2860576923076923 0.09615384615384616 0.21634615384615385
0 0.4987980769230769 0.29447115384615385 0.16706730769230768 0.24879807692307693
0 0.6033653846153846 0.33052884615384615 0.030048076923076924 0.08173076923076923