2 0.4326923076923077 0.057692307692307696 0.09134615384615384 0.02403846153846154
2 0.5168269230769231 0.6322115384615384 0.13822115384615385 0.11057692307692307
2 0.5240384615384616 0.7920673076923077 0.12860576923076922 0.18990384615384615
2 0.34615384615384615 0.09975961538461539 0.07932692307692307 0.054086538461538464
2 0.5144230769230769 0.11177884615384616 0.20673076923076922 0.07451923076923077
2 0.3641826923076923 0.16947115384615385 0.10576923076923077 0.04447115384615385
2 0.6370192307692307 0.23317307692307693 0.09975961538461539 0.04807692307692308
2 0.4675480769230769 0.23918269230769232 0.15985576923076922 0.08413461538461539
2 0.4110576923076923 0.31850961538461536 0.08653846153846154 0.0625
2 0.5324519230769231 0.3641826923076923 0.13701923076923078 0.13581730769230768
2 0.5204326923076923 0.5 0.12259615384615384 0.1201923076923077