4 0.6682692307692307 0.9543269230769231 0.0673076923076923 0.08653846153846154
4 0.28365384615384615 0.21514423076923078 0.06971153846153846 0.2920673076923077
4 0.09975961538461539 0.23918269230769232 0.06610576923076923 0.29927884615384615
4 0.018028846153846152 0.23918269230769232 0.036057692307692304 0.28365384615384615
4 0.41947115384615385 0.3088942307692308 0.06009615384615385 0.25721153846153844
4 0.4987980769230769 0.3894230769230769 0.07932692307692307 0.3161057692307692
4 0.19831730769230768 0.3954326923076923 0.056490384615384616 0.53125
4 0.7391826923076923 0.47836538461538464 0.13822115384615385 0.5132211538461539
4 0.8990384615384616 0.5769230769230769 0.140625 0.44591346153846156
4 0.6189903846153846 0.6117788461538461 0.08052884615384616 0.3125
4 0.40024038461538464 0.7067307692307693 0.2512019230769231 0.3076923076923077