4 0.390625 0.3701923076923077 0.22956730769230768 0.04807692307692308
4 0.3581730769230769 0.042067307692307696 0.2091346153846154 0.06850961538461539
4 0.49158653846153844 0.4254807692307692 0.21754807692307693 0.03245192307692308
4 0.8461538461538461 0.4483173076923077 0.2127403846153846 0.08774038461538461
4 0.7019230769230769 0.5384615384615384 0.46634615384615385 0.0829326923076923
4 0.7211538461538461 0.6334134615384616 0.5480769230769231 0.08533653846153846
4 0.6334134615384616 0.8064903846153846 0.5012019230769231 0.13942307692307693
4 0.6141826923076923 0.9387019230769231 0.41947115384615385 0.046875
4 0.4014423076923077 0.14903846153846154 0.38100961538461536 0.08173076923076923
4 0.4651442307692308 0.23317307692307693 0.33774038461538464 0.052884615384615384
4 0.42908653846153844 0.3112980769230769 0.22115384615384615 0.04567307692307692