3 0.6442307692307693 0.24158653846153846 0.09735576923076923 0.2512019230769231
3 0.703125 0.265625 0.007211538461538462 0.1141826923076923
3 0.7307692307692307 0.28365384615384615 0.037259615384615384 0.24519230769230768
3 0.8762019230769231 0.30288461538461536 0.014423076923076924 0.109375
3 0.8100961538461539 0.30528846153846156 0.03365384615384615 0.23317307692307693
3 0.7704326923076923 0.3173076923076923 0.02403846153846154 0.24759615384615385
3 0.8461538461538461 0.32091346153846156 0.025240384615384616 0.19591346153846154
3 0.9134615384615384 0.3449519230769231 0.04807692307692308 0.203125
3 0.9711538461538461 0.38221153846153844 0.040865384615384616 0.20793269230769232
3 0.45072115384615385 0.49158653846153844 0.5132211538461539 0.20793269230769232
3 0.5492788461538461 0.6826923076923077 0.35096153846153844 0.09975961538461539
3 0.7788461538461539 0.7836538461538461 0.0829326923076923 0.23798076923076922
3 0.6670673076923077 0.7872596153846154 0.10576923076923077 0.07692307692307693
3 0.8605769230769231 0.8100961538461539 0.055288461538461536 0.23076923076923078
3 0.9278846153846154 0.8305288461538461 0.040865384615384616 0.15144230769230768