0 0.9411057692307693 0.17908653846153846 0.07692307692307693 0.20673076923076922
0 0.8245192307692307 0.20673076923076922 0.12980769230769232 0.30288461538461536
0 0.8605769230769231 0.02283653846153846 0.12139423076923077 0.03485576923076923
0 0.6947115384615384 0.27283653846153844 0.1045673076923077 0.10697115384615384
0 0.9134615384615384 0.29927884615384615 0.036057692307692304 0.019230769230769232
0 0.8377403846153846 0.38461538461538464 0.036057692307692304 0.02403846153846154
0 0.7668269230769231 0.41466346153846156 0.08413461538461539 0.09014423076923077
0 0.6490384615384616 0.4411057692307692 0.13221153846153846 0.19831730769230768
0 0.5348557692307693 0.45913461538461536 0.078125 0.09254807692307693
0 0.6286057692307693 0.5793269230769231 0.0733173076923077 0.055288461538461536
0 0.5036057692307693 0.6105769230769231 0.1502403846153846 0.18028846153846154
0 0.3786057692307692 0.6670673076923077 0.07451923076923077 0.0829326923076923
0 0.5024038461538461 0.7355769230769231 0.028846153846153848 0.03485576923076923
0 0.4387019230769231 0.7644230769230769 0.07211538461538461 0.08052884615384616
0 0.33052884615384615 0.8004807692307693 0.12379807692307693 0.16706730769230768
0 0.22355769230769232 0.8413461538461539 0.07451923076923077 0.04447115384615385
0 0.3076923076923077 0.9194711538461539 0.06370192307692307 0.04807692307692308
0 0.19951923076923078 0.9375 0.125 0.1201923076923077