2 0.6923076923076923 0.6081730769230769 0.1466346153846154 0.0985576923076923
2 0.42427884615384615 0.6802884615384616 0.10216346153846154 0.09014423076923077
2 0.6911057692307693 0.7247596153846154 0.14423076923076922 0.08653846153846154
2 0.7067307692307693 0.828125 0.109375 0.06850961538461539
2 0.375 0.09014423076923077 0.22235576923076922 0.078125
2 0.5673076923076923 0.12259615384615384 0.11658653846153846 0.08533653846153846
2 0.3894230769230769 0.18269230769230768 0.23557692307692307 0.08052884615384616
2 0.42788461538461536 0.028846153846153848 0.10817307692307693 0.025240384615384616
2 0.6322115384615384 0.2536057692307692 0.1045673076923077 0.12379807692307693
2 0.4050480769230769 0.27283653846153844 0.20552884615384615 0.0673076923076923
2 0.5228365384615384 0.03125 0.04927884615384615 0.054086538461538464
2 0.3894230769230769 0.3605769230769231 0.21754807692307693 0.07932692307692307
2 0.6310096153846154 0.37740384615384615 0.10576923076923077 0.10336538461538461
2 0.38341346153846156 0.46634615384615385 0.17908653846153846 0.10216346153846154
2 0.6658653846153846 0.5 0.1622596153846154 0.0829326923076923
2 0.37259615384615385 0.5769230769230769 0.14182692307692307 0.09014423076923077