1 0.8581730769230769 0.5492788461538461 0.09014423076923077 0.15625
1 0.7439903846153846 0.5901442307692307 0.11899038461538461 0.19230769230769232
1 0.15504807692307693 0.7716346153846154 0.018028846153846152 0.40625
1 0.890625 0.7776442307692307 0.14903846153846154 0.171875
1 0.28365384615384615 0.7824519230769231 0.03365384615384615 0.43028846153846156
1 0.7872596153846154 0.7848557692307693 0.03365384615384615 0.10817307692307693
1 0.8545673076923077 0.1502403846153846 0.027644230769230768 0.2800480769230769
1 0.7584134615384616 0.16105769230769232 0.036057692307692304 0.3137019230769231
1 0.09254807692307693 0.28125 0.1778846153846154 0.2536057692307692
1 0.2848557692307692 0.2824519230769231 0.12379807692307693 0.4074519230769231
1 0.9447115384615384 0.2980769230769231 0.016826923076923076 0.5288461538461539
1 0.4026442307692308 0.34375 0.09735576923076923 0.2860576923076923
1 0.5108173076923077 0.375 0.08653846153846154 0.22235576923076922
1 0.6177884615384616 0.3894230769230769 0.10216346153846154 0.14783653846153846
1 0.7740384615384616 0.4026442307692308 0.109375 0.09375
1 0.19951923076923078 0.5120192307692307 0.025240384615384616 0.9290865384615384