2 0.8377403846153846 0.4375 0.02403846153846154 0.08774038461538461
2 0.6899038461538461 0.5012019230769231 0.1201923076923077 0.34975961538461536
2 0.13341346153846154 0.5432692307692307 0.03485576923076923 0.22596153846153846
2 0.5853365384615384 0.5528846153846154 0.07451923076923077 0.4026442307692308
2 0.35096153846153844 0.5793269230769231 0.07451923076923077 0.44350961538461536
2 0.44350961538461536 0.5829326923076923 0.09615384615384616 0.5120192307692307
2 0.23076923076923078 0.5901442307692307 0.15144230769230768 0.4411057692307692
2 0.5192307692307693 0.6033653846153846 0.046875 0.4483173076923077
2 0.13942307692307693 0.7211538461538461 0.025240384615384616 0.0829326923076923
2 0.6346153846153846 0.7956730769230769 0.018028846153846152 0.10576923076923077
2 0.5973557692307693 0.8137019230769231 0.030048076923076924 0.0733173076923077
2 0.36899038461538464 0.8605769230769231 0.038461538461538464 0.06610576923076923
2 0.9266826923076923 0.13581730769230768 0.0673076923076923 0.25
2 0.8545673076923077 0.20552884615384615 0.06370192307692307 0.3161057692307692
2 0.7331730769230769 0.25841346153846156 0.03365384615384615 0.10096153846153846
2 0.6778846153846154 0.2704326923076923 0.037259615384615384 0.06370192307692307
2 0.3137019230769231 0.2920673076923077 0.0673076923076923 0.05889423076923077
2 0.7836538461538461 0.31850961538461536 0.0625 0.38461538461538464
2 0.20432692307692307 0.328125 0.06370192307692307 0.040865384615384616