3 0.5036057692307693 0.4951923076923077 0.22235576923076922 0.07451923076923077
3 0.9254807692307693 0.5661057692307693 0.0829326923076923 0.038461538461538464
3 0.44711538461538464 0.5901442307692307 0.20673076923076922 0.0673076923076923
3 0.8040865384615384 0.06009615384615385 0.19471153846153846 0.07692307692307693
3 0.875 0.6490384615384616 0.09014423076923077 0.05889423076923077
3 0.35216346153846156 0.6911057692307693 0.21514423076923078 0.09495192307692307
3 0.8125 0.7319711538461539 0.12740384615384615 0.052884615384615384
3 0.2608173076923077 0.8040865384615384 0.18870192307692307 0.06490384615384616
3 0.7608173076923077 0.8161057692307693 0.06971153846153846 0.06971153846153846
3 0.7067307692307693 0.8990384615384616 0.09735576923076923 0.05048076923076923
3 0.20552884615384615 0.9170673076923077 0.21634615384615385 0.12259615384615384
3 0.6550480769230769 0.9627403846153846 0.1622596153846154 0.051682692307692304
3 0.7379807692307693 0.14903846153846154 0.17908653846153846 0.07451923076923077
3 0.6838942307692307 0.23317307692307693 0.16466346153846154 0.06610576923076923
3 0.6201923076923077 0.31971153846153844 0.1658653846153846 0.06009615384615385
3 0.5576923076923077 0.39663461538461536 0.17307692307692307 0.07692307692307693