0 0.5877403846153846 0.09014423076923077 0.054086538461538464 0.16826923076923078
0 0.5997596153846154 0.24158653846153846 0.055288461538461536 0.07932692307692307
0 0.6129807692307693 0.35096153846153844 0.06370192307692307 0.10576923076923077
0 0.07572115384615384 0.39663461538461536 0.10336538461538461 0.49038461538461536
0 0.18629807692307693 0.43990384615384615 0.07572115384615384 0.4891826923076923
0 0.27524038461538464 0.4951923076923077 0.08052884615384616 0.4963942307692308
0 0.36778846153846156 0.546875 0.06610576923076923 0.5348557692307693
0 0.4735576923076923 0.5925480769230769 0.10096153846153846 0.5300480769230769
0 0.5661057692307693 0.671875 0.06610576923076923 0.515625
0 0.6502403846153846 0.6875 0.05889423076923077 0.5012019230769231
0 0.7415865384615384 0.7115384615384616 0.09975961538461539 0.4170673076923077
0 0.8425480769230769 0.7295673076923077 0.07692307692307693 0.33052884615384615
0 0.9338942307692307 0.7463942307692307 0.07572115384615384 0.2536057692307692