1 0.46634615384615385 0.5625 0.09735576923076923 0.07091346153846154
1 0.38100961538461536 0.6538461538461539 0.1310096153846154 0.07451923076923077
1 0.7439903846153846 0.7415865384615384 0.109375 0.40625
1 0.8533653846153846 0.7463942307692307 0.051682692307692304 0.38341346153846156
1 0.28365384615384615 0.7596153846153846 0.09254807692307693 0.11057692307692307
1 0.19230769230769232 0.8846153846153846 0.10096153846153846 0.07091346153846154
1 0.8040865384615384 0.14543269230769232 0.037259615384615384 0.04567307692307692
1 0.7632211538461539 0.20432692307692307 0.06490384615384616 0.055288461538461536
1 0.7007211538461539 0.27163461538461536 0.07091346153846154 0.07692307692307693
1 0.6237980769230769 0.375 0.078125 0.09014423076923077
1 0.5348557692307693 0.4735576923076923 0.09975961538461539 0.10576923076923077