2 0.3269230769230769 0.3329326923076923 0.31971153846153844 0.08533653846153846
2 0.41586538461538464 0.42908653846153844 0.33653846153846156 0.0889423076923077
2 0.46153846153846156 0.5396634615384616 0.39663461538461536 0.0733173076923077
2 0.49759615384615385 0.6081730769230769 0.14903846153846154 0.04927884615384615
2 0.7283653846153846 0.6394230769230769 0.15625 0.09735576923076923
2 0.5252403846153846 0.6983173076923077 0.09975961538461539 0.11658653846153846
2 0.7439903846153846 0.7463942307692307 0.20192307692307693 0.125
2 0.5228365384615384 0.7860576923076923 0.18509615384615385 0.0673076923076923
2 0.7716346153846154 0.8978365384615384 0.2860576923076923 0.1201923076923077
2 0.20072115384615385 0.09254807692307693 0.12620192307692307 0.10576923076923077
2 0.4206730769230769 0.9567307692307693 0.27283653846153844 0.08533653846153846
2 0.22115384615384615 0.22355769230769232 0.2848557692307692 0.13221153846153846