4 0.453125 0.6141826923076923 0.4495192307692308 0.12860576923076922
4 0.9519230769230769 0.06971153846153846 0.09134615384615384 0.08173076923076923
4 0.3557692307692308 0.7596153846153846 0.3317307692307692 0.15144230769230768
4 0.6730769230769231 0.7608173076923077 0.13822115384615385 0.12740384615384615
4 0.20552884615384615 0.9038461538461539 0.34615384615384615 0.11298076923076923
4 0.5360576923076923 0.9615384615384616 0.15504807692307693 0.07572115384615384
4 0.6033653846153846 0.14543269230769232 0.2932692307692308 0.15264423076923078
4 0.9290865384615384 0.1814903846153846 0.07211538461538461 0.036057692307692304
4 0.6322115384615384 0.026442307692307692 0.10096153846153846 0.052884615384615384
4 0.8966346153846154 0.25240384615384615 0.08653846153846154 0.0673076923076923
4 0.7584134615384616 0.2620192307692308 0.11057692307692307 0.038461538461538464
4 0.5012019230769231 0.2800480769230769 0.09495192307692307 0.046875
4 0.7319711538461539 0.35216346153846156 0.19591346153846154 0.11658653846153846
4 0.45552884615384615 0.3545673076923077 0.20432692307692307 0.07572115384615384
4 0.5552884615384616 0.4699519230769231 0.16466346153846154 0.1045673076923077
4 0.3088942307692308 0.4735576923076923 0.08173076923076923 0.08774038461538461