2 0.7788461538461539 0.2127403846153846 0.04567307692307692 0.14903846153846154
2 0.7139423076923077 0.3737980769230769 0.04807692307692308 0.17307692307692307
2 0.6322115384615384 0.4254807692307692 0.03245192307692308 0.14543269230769232
2 0.9074519230769231 0.05048076923076923 0.07932692307692307 0.09975961538461539
2 0.5120192307692307 0.5060096153846154 0.04927884615384615 0.11899038461538461
2 0.6033653846153846 0.5492788461538461 0.02403846153846154 0.21514423076923078
2 0.5649038461538461 0.5733173076923077 0.03485576923076923 0.2536057692307692
2 0.43990384615384615 0.7043269230769231 0.016826923076923076 0.11658653846153846
2 0.296875 0.7307692307692307 0.03365384615384615 0.06009615384615385
2 0.41586538461538464 0.75 0.020432692307692308 0.14903846153846154
2 0.2548076923076923 0.8076923076923077 0.03125 0.09375
2 0.35096153846153844 0.8112980769230769 0.026442307692307692 0.09254807692307693
2 0.15985576923076922 0.9411057692307693 0.0889423076923077 0.11298076923076923
2 0.8401442307692307 0.1466346153846154 0.052884615384615384 0.11538461538461539