3 0.07692307692307693 0.25961538461538464 0.07692307692307693 0.039663461538461536
3 0.40625 0.28966346153846156 0.05048076923076923 0.051682692307692304
3 0.6634615384615384 0.30528846153846156 0.026442307692307692 0.018028846153846152
3 0.3557692307692308 0.34975961538461536 0.055288461538461536 0.04567307692307692
3 0.31850961538461536 0.3954326923076923 0.04807692307692308 0.039663461538461536
3 0.5721153846153846 0.40024038461538464 0.03125 0.052884615384615384
3 0.42427884615384615 0.04326923076923077 0.03365384615384615 0.020432692307692308
3 0.27163461538461536 0.4423076923076923 0.056490384615384616 0.051682692307692304
3 0.5504807692307693 0.4519230769230769 0.02283653846153846 0.03125
3 0.4338942307692308 0.4639423076923077 0.020432692307692308 0.055288461538461536
3 0.18990384615384615 0.49759615384615385 0.03485576923076923 0.037259615384615384
3 0.7716346153846154 0.5 0.015625 0.038461538461538464
3 0.4050480769230769 0.5048076923076923 0.020432692307692308 0.026442307692307692
3 0.1201923076923077 0.5336538461538461 0.051682692307692304 0.025240384615384616
3 0.37740384615384615 0.5396634615384616 0.03125 0.03365384615384615
3 0.484375 0.5745192307692307 0.05048076923076923 0.0985576923076923
3 0.71875 0.5913461538461539 0.027644230769230768 0.055288461538461536
3 0.328125 0.6346153846153846 0.030048076923076924 0.125
3 0.9098557692307693 0.6574519230769231 0.04326923076923077 0.046875
3 0.96875 0.703125 0.04927884615384615 0.04807692307692308
3 0.13581730769230768 0.7524038461538461 0.02283653846153846 0.014423076923076924
3 0.22956730769230768 0.7620192307692307 0.03365384615384615 0.013221153846153846
3 0.9603365384615384 0.7644230769230769 0.07451923076923077 0.019230769230769232
3 0.35216346153846156 0.7680288461538461 0.03365384615384615 0.037259615384615384
3 0.40384615384615385 0.7992788461538461 0.037259615384615384 0.037259615384615384
3 0.6923076923076923 0.8317307692307693 0.04567307692307692 0.05889423076923077
3 0.7091346153846154 0.9110576923076923 0.055288461538461536 0.05048076923076923
3 0.5084134615384616 0.9699519230769231 0.020432692307692308 0.054086538461538464
3 0.7908653846153846 0.17908653846153846 0.040865384615384616 0.016826923076923076
3 0.8713942307692307 0.18870192307692307 0.04927884615384615 0.018028846153846152
3 0.3473557692307692 0.021634615384615384 0.07572115384615384 0.02283653846153846
3 0.14182692307692307 0.22115384615384615 0.03485576923076923 0.036057692307692304