3 0.6838942307692307 0.2824519230769231 0.11778846153846154 0.042067307692307696
3 0.08533653846153846 0.2860576923076923 0.02403846153846154 0.03365384615384615
3 0.18990384615384615 0.3173076923076923 0.16346153846153846 0.09615384615384616
3 0.6141826923076923 0.35096153846153844 0.17067307692307693 0.051682692307692304
3 0.25721153846153844 0.41346153846153844 0.19230769230769232 0.06490384615384616
3 0.6622596153846154 0.41346153846153844 0.042067307692307696 0.037259615384615384
3 0.5372596153846154 0.4206730769230769 0.1658653846153846 0.0625
3 0.5408653846153846 0.4855769230769231 0.11057692307692307 0.040865384615384616
3 0.34375 0.5 0.2403846153846154 0.052884615384615384
3 0.4050480769230769 0.5709134615384616 0.23317307692307693 0.06129807692307692
3 0.47836538461538464 0.6370192307692307 0.2824519230769231 0.036057692307692304
3 0.5240384615384616 0.6838942307692307 0.25841346153846156 0.037259615384615384
3 0.5733173076923077 0.7367788461538461 0.23197115384615385 0.040865384615384616
3 0.5540865384615384 0.7860576923076923 0.06850961538461539 0.027644230769230768
3 0.6875 0.8004807692307693 0.17307692307692307 0.051682692307692304
3 0.7932692307692307 0.8641826923076923 0.0889423076923077 0.03485576923076923
3 0.8762019230769231 0.9362980769230769 0.07451923076923077 0.046875
3 0.09615384615384616 0.19110576923076922 0.07692307692307693 0.13942307692307693
3 0.1622596153846154 0.21634615384615385 0.025240384615384616 0.0889423076923077
3 0.7199519230769231 0.2247596153846154 0.040865384615384616 0.030048076923076924