3 0.47716346153846156 0.2764423076923077 0.06009615384615385 0.09495192307692307
3 0.3401442307692308 0.28725961538461536 0.007211538461538462 0.037259615384615384
3 0.042067307692307696 0.30649038461538464 0.055288461538461536 0.07451923076923077
3 0.14302884615384615 0.3293269230769231 0.025240384615384616 0.04567307692307692
3 0.18629807692307693 0.3293269230769231 0.036057692307692304 0.046875
3 0.10216346153846154 0.33413461538461536 0.042067307692307696 0.051682692307692304
3 0.22596153846153846 0.34975961538461536 0.025240384615384616 0.06370192307692307
3 0.8774038461538461 0.037259615384615384 0.037259615384615384 0.03245192307692308
3 0.2608173076923077 0.38100961538461536 0.026442307692307692 0.0625
3 0.5204326923076923 0.39663461538461536 0.04326923076923077 0.04326923076923077
3 0.29447115384615385 0.4050480769230769 0.030048076923076924 0.0625
3 0.453125 0.41466346153846156 0.054086538461538464 0.14302884615384615
3 0.3317307692307692 0.42427884615384615 0.030048076923076924 0.05048076923076923
3 0.5168269230769231 0.47716346153846156 0.06490384615384616 0.10817307692307693
3 0.5769230769230769 0.5132211538461539 0.04326923076923077 0.12860576923076922
3 0.6286057692307693 0.5396634615384616 0.04927884615384615 0.11658653846153846
3 0.6814903846153846 0.5961538461538461 0.039663461538461536 0.0985576923076923
3 0.7259615384615384 0.6454326923076923 0.03485576923076923 0.09735576923076923
3 0.7668269230769231 0.6899038461538461 0.039663461538461536 0.1141826923076923
3 0.8197115384615384 0.7487980769230769 0.052884615384615384 0.109375
3 0.8786057692307693 0.8161057692307693 0.052884615384615384 0.09735576923076923
3 0.9338942307692307 0.8617788461538461 0.03485576923076923 0.0829326923076923
3 0.11177884615384616 0.10697115384615384 0.057692307692307696 0.037259615384615384
3 0.921875 0.14543269230769232 0.06490384615384616 0.07091346153846154
3 0.27403846153846156 0.1935096153846154 0.03245192307692308 0.06370192307692307
3 0.17908653846153846 0.22235576923076922 0.039663461538461536 0.030048076923076924
3 0.5420673076923077 0.23798076923076922 0.054086538461538464 0.15384615384615385
3 0.9723557692307693 0.25721153846153844 0.05048076923076923 0.11057692307692307