2 0.6538461538461539 0.375 0.2548076923076923 0.055288461538461536
2 0.5036057692307693 0.42908653846153844 0.08653846153846154 0.04326923076923077
2 0.6766826923076923 0.43149038461538464 0.2247596153846154 0.042067307692307696
2 0.6490384615384616 0.5096153846153846 0.26322115384615385 0.09495192307692307
2 0.6995192307692307 0.5865384615384616 0.11538461538461539 0.04447115384615385
2 0.6598557692307693 0.6526442307692307 0.2127403846153846 0.078125
2 0.734375 0.7115384615384616 0.13701923076923078 0.03245192307692308
2 0.5889423076923077 0.71875 0.11899038461538461 0.026442307692307692
2 0.6466346153846154 0.7764423076923077 0.14783653846153846 0.07572115384615384
2 0.6814903846153846 0.8485576923076923 0.10697115384615384 0.05889423076923077
2 0.7307692307692307 0.1971153846153846 0.14543269230769232 0.07451923076923077
2 0.5925480769230769 0.22716346153846154 0.10336538461538461 0.03125
2 0.6454326923076923 0.2956730769230769 0.27163461538461536 0.08173076923076923