2 0.875 0.21875 0.046875 0.04326923076923077
1 0.17427884615384615 0.22235576923076922 0.1778846153846154 0.03485576923076923
1 0.2512019230769231 0.265625 0.06850961538461539 0.027644230769230768
2 0.8978365384615384 0.2692307692307692 0.052884615384615384 0.021634615384615384
1 0.12980769230769232 0.28966346153846156 0.14543269230769232 0.07451923076923077
2 0.8149038461538461 0.30408653846153844 0.07692307692307693 0.0829326923076923
2 0.7319711538461539 0.3233173076923077 0.04927884615384615 0.03365384615384615
2 0.7295673076923077 0.3737980769230769 0.078125 0.04326923076923077
1 0.07692307692307693 0.3894230769230769 0.08173076923076923 0.09495192307692307
2 0.75 0.4182692307692308 0.0625 0.03245192307692308
2 0.6478365384615384 0.44591346153846156 0.12860576923076922 0.06009615384615385
2 0.6394230769230769 0.5096153846153846 0.11057692307692307 0.046875
2 0.5108173076923077 0.53125 0.09375 0.05048076923076923
1 0.4639423076923077 0.057692307692307696 0.07932692307692307 0.03125
2 0.53125 0.6081730769230769 0.11177884615384616 0.04447115384615385
2 0.3786057692307692 0.6346153846153846 0.125 0.056490384615384616
2 0.39302884615384615 0.7055288461538461 0.07932692307692307 0.036057692307692304
2 0.26802884615384615 0.7295673076923077 0.11177884615384616 0.046875
1 0.2824519230769231 0.07692307692307693 0.22115384615384615 0.057692307692307696
2 0.26322115384615385 0.7836538461538461 0.17427884615384615 0.04326923076923077
2 0.27163461538461536 0.8245192307692307 0.09375 0.026442307692307692
2 0.17307692307692307 0.8329326923076923 0.07572115384615384 0.042067307692307696
2 0.13701923076923078 0.9026442307692307 0.07932692307692307 0.03485576923076923
2 0.9819711538461539 0.15384615384615385 0.03125 0.0625
1 0.20793269230769232 0.15625 0.19591346153846154 0.06490384615384616
1 0.33052884615384615 0.019230769230769232 0.24278846153846154 0.038461538461538464
2 0.9254807692307693 0.18870192307692307 0.05048076923076923 0.052884615384615384