3 0.7884615384615384 0.390625 0.04326923076923077 0.22956730769230768
3 0.12259615384615384 0.40384615384615385 0.22115384615384615 0.5372596153846154
3 0.8545673076923077 0.5036057692307693 0.08533653846153846 0.4338942307692308
3 0.5144230769230769 0.5276442307692307 0.11538461538461539 0.15504807692307693
3 0.42788461538461536 0.5360576923076923 0.03485576923076923 0.38100961538461536
3 0.27283653846153844 0.5564903846153846 0.06490384615384616 0.5612980769230769
3 0.9399038461538461 0.5612980769230769 0.06370192307692307 0.3870192307692308
3 0.9879807692307693 0.6117788461538461 0.020432692307692308 0.2439903846153846
3 0.3605769230769231 0.6201923076923077 0.08413461538461539 0.5348557692307693
3 0.15384615384615385 0.7151442307692307 0.140625 0.051682692307692304
3 0.20432692307692307 0.7824519230769231 0.052884615384615384 0.04567307692307692
3 0.47475961538461536 0.8497596153846154 0.12139423076923077 0.18028846153846154
3 0.5865384615384616 0.9026442307692307 0.08653846153846154 0.18990384615384615
3 0.6790865384615384 0.90625 0.08413461538461539 0.16947115384615385
3 0.8257211538461539 0.9314903846153846 0.18509615384615385 0.13221153846153846
3 0.6310096153846154 0.27403846153846156 0.10817307692307693 0.20192307692307693
3 0.71875 0.3449519230769231 0.057692307692307696 0.27163461538461536