3 0.8137019230769231 0.23677884615384615 0.05889423076923077 0.0625
3 0.43028846153846156 0.25 0.12139423076923077 0.3545673076923077
3 0.7487980769230769 0.2956730769230769 0.028846153846153848 0.046875
3 0.6995192307692307 0.34615384615384615 0.06850961538461539 0.039663461538461536
3 0.06610576923076923 0.36778846153846156 0.0673076923076923 0.08413461538461539
3 0.6826923076923077 0.39903846153846156 0.06490384615384616 0.040865384615384616
3 0.5973557692307693 0.46153846153846156 0.054086538461538464 0.046875
3 0.2920673076923077 0.46875 0.11298076923076923 0.24278846153846154
3 0.5480769230769231 0.5192307692307693 0.046875 0.042067307692307696
3 0.5120192307692307 0.5685096153846154 0.040865384615384616 0.036057692307692304
3 0.19831730769230768 0.5985576923076923 0.030048076923076924 0.19471153846153846
3 0.4519230769230769 0.6081730769230769 0.03125 0.039663461538461536
3 0.4326923076923077 0.6706730769230769 0.040865384615384616 0.036057692307692304
3 0.4026442307692308 0.7247596153846154 0.039663461538461536 0.046875
3 0.15985576923076922 0.7463942307692307 0.057692307692307696 0.07451923076923077
3 0.3701923076923077 0.7932692307692307 0.04567307692307692 0.056490384615384616
3 0.359375 0.8617788461538461 0.028846153846153848 0.027644230769230768
3 0.18028846153846154 0.8870192307692307 0.15144230769230768 0.16947115384615385
3 0.9362980769230769 0.09375 0.09615384615384616 0.0889423076923077
3 0.35216346153846156 0.9362980769230769 0.028846153846153848 0.0889423076923077
3 0.8870192307692307 0.1778846153846154 0.07692307692307693 0.04567307692307692
3 0.5733173076923077 0.21514423076923078 0.11899038461538461 0.41346153846153844