3 0.39663461538461536 0.6658653846153846 0.056490384615384616 0.07692307692307693
3 0.3245192307692308 0.7103365384615384 0.06490384615384616 0.11057692307692307
3 0.2548076923076923 0.8004807692307693 0.06009615384615385 0.08052884615384616
3 0.17427884615384615 0.8846153846153846 0.08653846153846154 0.12980769230769232
3 0.8485576923076923 0.14543269230769232 0.038461538461538464 0.016826923076923076
3 0.8269230769230769 0.19951923076923078 0.06850961538461539 0.04927884615384615
3 0.7475961538461539 0.23197115384615385 0.08413461538461539 0.052884615384615384
3 0.7055288461538461 0.30528846153846156 0.07932692307692307 0.03365384615384615
3 0.6454326923076923 0.3641826923076923 0.078125 0.057692307692307696
3 0.6105769230769231 0.4423076923076923 0.08413461538461539 0.052884615384615384
3 0.546875 0.5036057692307693 0.0889423076923077 0.03365384615384615
3 0.453125 0.5805288461538461 0.08413461538461539 0.07692307692307693