3 0.984375 0.13341346153846154 0.018028846153846152 0.13341346153846154
3 0.7427884615384616 0.15264423076923078 0.43028846153846156 0.056490384615384616
3 0.4699519230769231 0.17427884615384615 0.078125 0.04447115384615385
3 0.8509615384615384 0.23197115384615385 0.0625 0.054086538461538464
3 0.5108173076923077 0.23197115384615385 0.4014423076923077 0.036057692307692304
3 0.2848557692307692 0.2403846153846154 0.028846153846153848 0.02283653846153846
3 0.9194711538461539 0.03485576923076923 0.08774038461538461 0.04807692307692308
3 0.9555288461538461 0.4098557692307692 0.08413461538461539 0.3918269230769231
3 0.5180288461538461 0.4495192307692308 0.7776442307692307 0.3581730769230769
3 0.10576923076923077 0.5336538461538461 0.036057692307692304 0.22716346153846154
3 0.5180288461538461 0.7860576923076923 0.10817307692307693 0.15985576923076922
3 0.8449519230769231 0.08774038461538461 0.23317307692307693 0.042067307692307696