2 0.6033653846153846 0.21634615384615385 0.15985576923076922 0.09495192307692307
2 0.5841346153846154 0.3173076923076923 0.14543269230769232 0.08173076923076923
2 0.6394230769230769 0.4170673076923077 0.18509615384615385 0.07692307692307693
2 0.6286057692307693 0.5084134615384616 0.15504807692307693 0.07091346153846154
2 0.5528846153846154 0.5829326923076923 0.13701923076923078 0.06129807692307692
2 0.7572115384615384 0.06610576923076923 0.08533653846153846 0.078125
2 0.6826923076923077 0.6742788461538461 0.15264423076923078 0.0829326923076923
2 0.5060096153846154 0.7211538461538461 0.10576923076923077 0.08533653846153846
2 0.4963942307692308 0.8125 0.125 0.078125
2 0.6838942307692307 0.8257211538461539 0.21153846153846154 0.08533653846153846
2 0.4807692307692308 0.8882211538461539 0.17307692307692307 0.030048076923076924
2 0.6646634615384616 0.953125 0.0625 0.06129807692307692
2 0.5552884615384616 0.9723557692307693 0.1201923076923077 0.05048076923076923