1 0.18870192307692307 0.39302884615384615 0.3293269230769231 0.18028846153846154
1 0.5889423076923077 0.4014423076923077 0.4375 0.24278846153846154
1 0.4987980769230769 0.5973557692307693 0.43509615384615385 0.1310096153846154
1 0.15745192307692307 0.5985576923076923 0.21754807692307693 0.11177884615384616
1 0.8629807692307693 0.6045673076923077 0.24759615384615385 0.11899038461538461
1 0.39302884615384615 0.7512019230769231 0.4326923076923077 0.13701923076923078
1 0.10336538461538461 0.765625 0.1310096153846154 0.09615384615384616
1 0.7475961538461539 0.7668269230769231 0.23317307692307693 0.16466346153846154
1 0.3233173076923077 0.8834134615384616 0.39903846153846156 0.09495192307692307
1 0.31850961538461536 0.9663461538461539 0.28365384615384615 0.046875
1 0.2824519230769231 0.13221153846153846 0.4266826923076923 0.2403846153846154
1 0.7283653846153846 0.13942307692307693 0.4098557692307692 0.2548076923076923