0 0.6959134615384616 0.2800480769230769 0.06009615384615385 0.08173076923076923
0 0.5096153846153846 0.28725961538461536 0.11538461538461539 0.05048076923076923
0 0.6394230769230769 0.2956730769230769 0.025240384615384616 0.037259615384615384
0 0.8028846153846154 0.2980769230769231 0.020432692307692308 0.04567307692307692
0 0.4483173076923077 0.3557692307692308 0.10817307692307693 0.07451923076923077
0 0.6478365384615384 0.38341346153846156 0.17548076923076922 0.08413461538461539
0 0.7680288461538461 0.04807692307692308 0.026442307692307692 0.09615384615384616
0 0.36899038461538464 0.47475961538461536 0.07692307692307693 0.09975961538461539
0 0.6105769230769231 0.49759615384615385 0.03125 0.03245192307692308
0 0.296875 0.5024038461538461 0.05048076923076923 0.027644230769230768
0 0.5168269230769231 0.5396634615384616 0.1310096153846154 0.12379807692307693
0 0.2692307692307692 0.5817307692307693 0.054086538461538464 0.054086538461538464
0 0.6995192307692307 0.06370192307692307 0.057692307692307696 0.09975961538461539
0 0.17427884615384615 0.7067307692307693 0.08533653846153846 0.06490384615384616
0 0.33533653846153844 0.7403846153846154 0.0889423076923077 0.0673076923076923
0 0.10096153846153846 0.7728365384615384 0.06610576923076923 0.0889423076923077
0 0.921875 0.08533653846153846 0.12980769230769232 0.1201923076923077
0 0.039663461538461536 0.8858173076923077 0.0673076923076923 0.1045673076923077
0 0.16947115384615385 0.9194711538461539 0.04807692307692308 0.057692307692307696
0 0.5721153846153846 0.19230769230769232 0.04927884615384615 0.06971153846153846
0 0.7512019230769231 0.19471153846153846 0.03365384615384615 0.04807692307692308
0 0.828125 0.19951923076923078 0.06610576923076923 0.08653846153846154