0 0.9543269230769231 0.34134615384615385 0.0625 0.1346153846153846
0 0.8942307692307693 0.40865384615384615 0.036057692307692304 0.19230769230769232
0 0.8509615384615384 0.48677884615384615 0.030048076923076924 0.14783653846153846
0 0.8028846153846154 0.5180288461538461 0.03125 0.203125
0 0.7127403846153846 0.5504807692307693 0.028846153846153848 0.3112980769230769
0 0.7584134615384616 0.5600961538461539 0.028846153846153848 0.22235576923076922
0 0.6742788461538461 0.5877403846153846 0.030048076923076924 0.2932692307692308
0 0.6322115384615384 0.6201923076923077 0.03245192307692308 0.3161057692307692
0 0.5757211538461539 0.6478365384615384 0.055288461538461536 0.38461538461538464
0 0.5048076923076923 0.6778846153846154 0.056490384615384616 0.36658653846153844
0 0.4411057692307692 0.6983173076923077 0.05048076923076923 0.4266826923076923
0 0.36658653846153844 0.7439903846153846 0.07572115384615384 0.4411057692307692
0 0.19471153846153846 0.8269230769230769 0.25 0.30649038461538464