2 0.2644230769230769 0.6814903846153846 0.07211538461538461 0.008413461538461538
2 0.1658653846153846 0.6911057692307693 0.037259615384615384 0.003605769230769231
2 0.31490384615384615 0.6947115384615384 0.057692307692307696 0.007211538461538462
2 0.15625 0.7019230769230769 0.12860576923076922 0.013221153846153846
2 0.19471153846153846 0.7247596153846154 0.15384615384615385 0.026442307692307692
2 0.13221153846153846 0.8293269230769231 0.06370192307692307 0.020432692307692308
2 0.12139423076923077 0.8786057692307693 0.15144230769230768 0.06971153846153846
2 0.4074519230769231 0.22956730769230768 0.052884615384615384 0.015625
2 0.4423076923076923 0.23918269230769232 0.02283653846153846 0.038461538461538464
2 0.49759615384615385 0.24879807692307693 0.07091346153846154 0.1201923076923077
2 0.4230769230769231 0.2848557692307692 0.052884615384615384 0.04447115384615385
2 0.4326923076923077 0.3233173076923077 0.06490384615384616 0.019230769230769232
2 0.5108173076923077 0.3245192307692308 0.052884615384615384 0.019230769230769232
2 0.3629807692307692 0.32572115384615385 0.04807692307692308 0.013221153846153846
2 0.36778846153846156 0.3401442307692308 0.09134615384615384 0.008413461538461538
2 0.71875 0.34375 0.10216346153846154 0.010817307692307692
2 0.32091346153846156 0.35096153846153844 0.04927884615384615 0.008413461538461538
2 0.43149038461538464 0.35336538461538464 0.04326923076923077 0.007211538461538462
2 0.5216346153846154 0.35336538461538464 0.1346153846153846 0.03365384615384615
2 0.39783653846153844 0.3629807692307692 0.07211538461538461 0.009615384615384616
2 0.7800480769230769 0.3641826923076923 0.10096153846153846 0.021634615384615384
2 0.6418269230769231 0.3762019230769231 0.07932692307692307 0.052884615384615384
2 0.3329326923076923 0.37740384615384615 0.11298076923076923 0.016826923076923076
2 0.8137019230769231 0.3894230769230769 0.09134615384615384 0.020432692307692308
2 0.5120192307692307 0.3894230769230769 0.14302884615384615 0.03245192307692308
2 0.33413461538461536 0.40024038461538464 0.06129807692307692 0.008413461538461538
2 0.31490384615384615 0.41346153846153844 0.109375 0.013221153846153846
2 0.5144230769230769 0.41586538461538464 0.13822115384615385 0.014423076923076924
2 0.6526442307692307 0.42788461538461536 0.051682692307692304 0.01201923076923077
2 0.296875 0.42788461538461536 0.07451923076923077 0.007211538461538462
2 0.6057692307692307 0.43149038461538464 0.038461538461538464 0.004807692307692308
2 0.4495192307692308 0.4326923076923077 0.10096153846153846 0.014423076923076924
2 0.5901442307692307 0.4375 0.0985576923076923 0.006009615384615385
2 0.28846153846153844 0.4387019230769231 0.055288461538461536 0.008413461538461538
2 0.23918269230769232 0.4483173076923077 0.039663461538461536 0.010817307692307692
2 0.49158653846153844 0.4495192307692308 0.2704326923076923 0.014423076923076924
2 0.22716346153846154 0.4651442307692308 0.04927884615384615 0.01201923076923077
2 0.46875 0.4723557692307692 0.2620192307692308 0.025240384615384616
2 0.5324519230769231 0.49399038461538464 0.06850961538461539 0.009615384615384616
2 0.41346153846153844 0.4987980769230769 0.10096153846153846 0.016826923076923076
2 0.5492788461538461 0.5084134615384616 0.039663461538461536 0.009615384615384616
2 0.45913461538461536 0.5192307692307693 0.057692307692307696 0.02283653846153846
2 0.17908653846153846 0.5192307692307693 0.06009615384615385 0.010817307692307692
2 0.18990384615384615 0.5396634615384616 0.11538461538461539 0.020432692307692308
2 0.13341346153846154 0.5600961538461539 0.10817307692307693 0.010817307692307692
2 0.3701923076923077 0.5685096153846154 0.10096153846153846 0.018028846153846152
2 0.35216346153846156 0.5877403846153846 0.1502403846153846 0.013221153846153846
2 0.32572115384615385 0.6141826923076923 0.16105769230769232 0.03365384615384615