3 0.5492788461538461 0.2776442307692308 0.6213942307692307 0.05889423076923077
3 0.4579326923076923 0.3713942307692308 0.5925480769230769 0.09735576923076923
3 0.3713942307692308 0.4831730769230769 0.5829326923076923 0.06850961538461539
3 0.2824519230769231 0.5865384615384616 0.484375 0.09495192307692307
3 0.390625 0.6754807692307693 0.09495192307692307 0.06129807692307692
3 0.24879807692307693 0.7259615384615384 0.10216346153846154 0.16466346153846154
3 0.6502403846153846 0.7764423076923077 0.1971153846153846 0.2127403846153846
3 0.09254807692307693 0.7896634615384616 0.13221153846153846 0.28125
3 0.8509615384615384 0.9098557692307693 0.1466346153846154 0.1658653846153846
3 0.04927884615384615 0.9663461538461539 0.0733173076923077 0.040865384615384616
3 0.7043269230769231 0.11899038461538461 0.5084134615384616 0.22596153846153846
3 0.3641826923076923 0.18389423076923078 0.078125 0.0889423076923077