2 0.6887019230769231 0.22596153846153846 0.39663461538461536 0.054086538461538464
2 0.8978365384615384 0.026442307692307692 0.19951923076923078 0.03365384615384615
2 0.5817307692307693 0.3088942307692308 0.34975961538461536 0.0829326923076923
2 0.484375 0.3798076923076923 0.42908653846153844 0.06129807692307692
2 0.3786057692307692 0.47836538461538464 0.43509615384615385 0.10336538461538461
2 0.3762019230769231 0.546875 0.5 0.04927884615384615
2 0.37740384615384615 0.6322115384615384 0.21394230769230768 0.09735576923076923
2 0.10576923076923077 0.6430288461538461 0.15384615384615385 0.1045673076923077
2 0.17908653846153846 0.7548076923076923 0.3449519230769231 0.10336538461538461
2 0.48677884615384615 0.7560096153846154 0.15985576923076922 0.08413461538461539
2 0.8389423076923077 0.08653846153846154 0.32091346153846156 0.056490384615384616
2 0.7620192307692307 0.15745192307692307 0.3329326923076923 0.06490384615384616