0 0.9194711538461539 0.13341346153846154 0.12740384615384615 0.15865384615384615
0 0.9314903846153846 0.2692307692307692 0.04807692307692308 0.10096153846153846
0 0.8737980769230769 0.3245192307692308 0.036057692307692304 0.18389423076923078
0 0.8100961538461539 0.36538461538461536 0.06129807692307692 0.6358173076923077
0 0.7391826923076923 0.4266826923076923 0.05889423076923077 0.7451923076923077
0 0.6394230769230769 0.4879807692307692 0.11538461538461539 0.9122596153846154
0 0.39663461538461536 0.49399038461538464 0.3401442307692308 0.9591346153846154
0 0.17067307692307693 0.5805288461538461 0.07572115384615384 0.6947115384615384
0 0.03485576923076923 0.7307692307692307 0.019230769230769232 0.04326923076923077
0 0.0889423076923077 0.7764423076923077 0.078125 0.27403846153846156
0 0.018028846153846152 0.859375 0.030048076923076924 0.04447115384615385
0 0.6069711538461539 0.9747596153846154 0.05048076923076923 0.046875
0 0.6658653846153846 0.9735576923076923 0.04807692307692308 0.04807692307692308