4 0.75 0.31490384615384615 0.18509615384615385 0.0673076923076923
4 0.35697115384615385 0.3245192307692308 0.2247596153846154 0.13822115384615385
4 0.8173076923076923 0.4110576923076923 0.20072115384615385 0.09254807692307693
4 0.46274038461538464 0.453125 0.19951923076923078 0.08413461538461539
4 0.8677884615384616 0.5444711538461539 0.21394230769230768 0.13822115384615385
4 0.5588942307692307 0.5576923076923077 0.21634615384615385 0.09375
4 0.640625 0.05889423076923077 0.23197115384615385 0.10216346153846154
4 0.10336538461538461 0.6586538461538461 0.1310096153846154 0.13822115384615385
4 0.6322115384615384 0.6802884615384616 0.23557692307692307 0.10817307692307693
4 0.16346153846153846 0.07451923076923077 0.2692307692307692 0.10096153846153846
4 0.9290865384615384 0.7752403846153846 0.140625 0.21754807692307693
4 0.7319711538461539 0.7896634615384616 0.2283653846153846 0.04927884615384615
4 0.15504807692307693 0.8028846153846154 0.1141826923076923 0.0889423076923077
4 0.8016826923076923 0.9086538461538461 0.19951923076923078 0.12379807692307693
4 0.20552884615384615 0.9375 0.16826923076923078 0.109375
4 0.24158653846153846 0.18870192307692307 0.18028846153846154 0.0985576923076923
4 0.6995192307692307 0.18990384615384615 0.18389423076923078 0.10817307692307693