3 0.8088942307692307 0.7091346153846154 0.06610576923076923 0.18028846153846154
3 0.9074519230769231 0.7415865384615384 0.07211538461538461 0.06370192307692307
3 0.7271634615384616 0.7463942307692307 0.037259615384615384 0.03125
3 0.9206730769230769 0.8341346153846154 0.11177884615384616 0.07211538461538461
3 0.9471153846153846 0.9014423076923077 0.06490384615384616 0.038461538461538464
3 0.109375 0.26802884615384615 0.078125 0.1622596153846154
3 0.20192307692307693 0.29927884615384615 0.057692307692307696 0.15865384615384615
3 0.3004807692307692 0.359375 0.0829326923076923 0.15865384615384615
3 0.39903846153846156 0.421875 0.08173076923076923 0.17427884615384615
3 0.47836538461538464 0.44711538461538464 0.02403846153846154 0.11057692307692307
3 0.49038461538461536 0.5516826923076923 0.06370192307692307 0.0625
3 0.5961538461538461 0.5661057692307693 0.1045673076923077 0.17427884615384615
3 0.7019230769230769 0.6310096153846154 0.08173076923076923 0.17307692307692307