2 0.546875 0.42427884615384615 0.09735576923076923 0.042067307692307696
2 0.6778846153846154 0.4423076923076923 0.1141826923076923 0.16826923076923078
2 0.5036057692307693 0.5024038461538461 0.17307692307692307 0.09014423076923077
2 0.41225961538461536 0.5961538461538461 0.2247596153846154 0.06490384615384616
2 0.34615384615384615 0.6887019230769231 0.20793269230769232 0.08653846153846154
2 0.25240384615384615 0.7620192307692307 0.14783653846153846 0.04447115384615385
2 0.12620192307692307 0.7704326923076923 0.0625 0.02283653846153846
2 0.0733173076923077 0.8377403846153846 0.140625 0.10336538461538461
2 0.9555288461538461 0.13581730769230768 0.08533653846153846 0.0985576923076923
2 0.8834134615384616 0.22596153846153846 0.18990384615384615 0.0625
2 0.7355769230769231 0.2403846153846154 0.07692307692307693 0.03125
2 0.7980769230769231 0.2860576923076923 0.2091346153846154 0.04447115384615385
2 0.7427884615384616 0.3317307692307692 0.203125 0.039663461538461536