3 0.3629807692307692 0.3161057692307692 0.06129807692307692 0.11778846153846154
3 0.4495192307692308 0.39302884615384615 0.056490384615384616 0.11057692307692307
3 0.4639423076923077 0.4879807692307692 0.028846153846153848 0.040865384615384616
3 0.5697115384615384 0.5540865384615384 0.1346153846153846 0.0985576923076923
3 0.6610576923076923 0.6634615384615384 0.140625 0.06370192307692307
3 0.7632211538461539 0.7608173076923077 0.15384615384615385 0.08653846153846154
3 0.078125 0.078125 0.08774038461538461 0.08653846153846154
3 0.8665865384615384 0.8737980769230769 0.15384615384615385 0.08413461538461539
3 0.9110576923076923 0.9495192307692307 0.08774038461538461 0.04326923076923077
3 0.11177884615384616 0.1466346153846154 0.028846153846153848 0.03125
3 0.19951923076923078 0.17668269230769232 0.06610576923076923 0.13942307692307693
3 0.28365384615384615 0.23918269230769232 0.057692307692307696 0.14182692307692307