2 0.3641826923076923 0.3269230769230769 0.30528846153846156 0.125
2 0.2668269230769231 0.43028846153846156 0.17067307692307693 0.036057692307692304
2 0.546875 0.47836538461538464 0.27524038461538464 0.07932692307692307
2 0.3088942307692308 0.49399038461538464 0.14783653846153846 0.04326923076923077
2 0.39783653846153844 0.5637019230769231 0.4026442307692308 0.06129807692307692
2 0.4362980769230769 0.6129807692307693 0.5673076923076923 0.04807692307692308
2 0.41586538461538464 0.6850961538461539 0.3786057692307692 0.06971153846153846
2 0.4879807692307692 0.765625 0.21634615384615385 0.054086538461538464
2 0.44711538461538464 0.8088942307692307 0.32572115384615385 0.042067307692307696
2 0.4807692307692308 0.8653846153846154 0.23076923076923078 0.036057692307692304
2 0.38341346153846156 0.17427884615384615 0.22596153846153846 0.14783653846153846