0 0.6262019230769231 0.5144230769230769 0.0829326923076923 0.27403846153846156
0 0.7259615384615384 0.5576923076923077 0.078125 0.27403846153846156
0 0.35096153846153844 0.6021634615384616 0.11899038461538461 0.12139423076923077
0 0.8221153846153846 0.6237980769230769 0.06610576923076923 0.2860576923076923
0 0.9122596153846154 0.6730769230769231 0.08052884615384616 0.30288461538461536
0 0.5913461538461539 0.7007211538461539 0.055288461538461536 0.055288461538461536
0 0.9807692307692307 0.7139423076923077 0.03365384615384615 0.28846153846153844
0 0.5973557692307693 0.7788461538461539 0.054086538461538464 0.06490384615384616
0 0.4387019230769231 0.7824519230769231 0.1502403846153846 0.17908653846153846
0 0.6033653846153846 0.8509615384615384 0.06009615384615385 0.042067307692307696
0 0.5925480769230769 0.9122596153846154 0.03365384615384615 0.052884615384615384
0 0.6177884615384616 0.12980769230769232 0.06610576923076923 0.10576923076923077
0 0.07091346153846154 0.19591346153846154 0.09975961538461539 0.13942307692307693
0 0.6045673076923077 0.23677884615384615 0.06850961538461539 0.09254807692307693
0 0.19230769230769232 0.2548076923076923 0.09615384615384616 0.18870192307692307
0 0.6213942307692307 0.028846153846153848 0.038461538461538464 0.052884615384615384
0 0.3016826923076923 0.32091346153846156 0.09014423076923077 0.1935096153846154
0 0.41466346153846156 0.3798076923076923 0.0889423076923077 0.2283653846153846
0 0.5264423076923077 0.43990384615384615 0.078125 0.2644230769230769