4 0.625 0.12980769230769232 0.3293269230769231 0.06850961538461539
4 0.5552884615384616 0.21754807692307693 0.3137019230769231 0.06490384615384616
4 0.48197115384615385 0.3016826923076923 0.27524038461538464 0.07211538461538461
4 0.4014423076923077 0.3858173076923077 0.27283653846153844 0.054086538461538464
4 0.7175480769230769 0.04447115384615385 0.33653846153846156 0.07211538461538461
4 0.36658653846153844 0.46033653846153844 0.25721153846153844 0.0625
4 0.7956730769230769 0.49399038461538464 0.11778846153846154 0.04927884615384615
4 0.33052884615384615 0.5444711538461539 0.25721153846153844 0.06850961538461539
4 0.28725961538461536 0.6189903846153846 0.25841346153846156 0.052884615384615384
4 0.2283653846153846 0.7115384615384616 0.24759615384615385 0.08533653846153846
4 0.11298076923076923 0.8076923076923077 0.21033653846153846 0.056490384615384616
4 0.09495192307692307 0.8918269230769231 0.11658653846153846 0.08774038461538461
4 0.23918269230769232 0.9254807692307693 0.12740384615384615 0.14302884615384615