3 0.020432692307692308 0.24639423076923078 0.026442307692307692 0.078125
3 0.5564903846153846 0.24639423076923078 0.484375 0.37740384615384615
3 0.5829326923076923 0.030048076923076924 0.3161057692307692 0.030048076923076924
3 0.0889423076923077 0.3317307692307692 0.03365384615384615 0.03245192307692308
3 0.21514423076923078 0.3581730769230769 0.17548076923076922 0.09014423076923077
3 0.25961538461538464 0.4387019230769231 0.08533653846153846 0.04567307692307692
3 0.02403846153846154 0.49399038461538464 0.04807692307692308 0.3112980769230769
3 0.8485576923076923 0.5 0.06129807692307692 0.7427884615384616
3 0.33413461538461536 0.5048076923076923 0.0985576923076923 0.04447115384615385
3 0.08533653846153846 0.5084134615384616 0.03365384615384615 0.29927884615384615
3 0.6009615384615384 0.5300480769230769 0.4110576923076923 0.14783653846153846
3 0.14783653846153846 0.5420673076923077 0.051682692307692304 0.2091346153846154
3 0.9230769230769231 0.5504807692307693 0.056490384615384616 0.6706730769230769
3 0.22235576923076922 0.5661057692307693 0.0625 0.12620192307692307
3 0.96875 0.5853365384615384 0.016826923076923076 0.5913461538461539
3 0.9879807692307693 0.6225961538461539 0.007211538461538462 0.41586538461538464
3 0.3317307692307692 0.6574519230769231 0.036057692307692304 0.020432692307692308
3 0.6514423076923077 0.6875 0.31009615384615385 0.1201923076923077
3 0.2608173076923077 0.6875 0.0829326923076923 0.056490384615384616
3 0.23918269230769232 0.7788461538461539 0.07932692307692307 0.09014423076923077
3 0.7019230769230769 0.8149038461538461 0.22596153846153846 0.06610576923076923
3 0.234375 0.8798076923076923 0.03365384615384615 0.055288461538461536
3 0.7439903846153846 0.9014423076923077 0.12980769230769232 0.038461538461538464
3 0.2536057692307692 0.09735576923076923 0.07932692307692307 0.03485576923076923
3 0.2127403846153846 0.9699519230769231 0.021634615384615384 0.055288461538461536
3 0.17908653846153846 0.21514423076923078 0.27163461538461536 0.17908653846153846