3 0.5913461538461539 0.016826923076923076 0.1971153846153846 0.03365384615384615
3 0.21875 0.3137019230769231 0.06370192307692307 0.1310096153846154
3 0.41586538461538464 0.31850961538461536 0.3088942307692308 0.2956730769230769
3 0.9651442307692307 0.31850961538461536 0.030048076923076924 0.37740384615384615
3 0.6947115384615384 0.4362980769230769 0.22235576923076922 0.34615384615384615
3 0.22596153846153846 0.6189903846153846 0.4230769230769231 0.2704326923076923
3 0.5492788461538461 0.7872596153846154 0.08413461538461539 0.27283653846153844
3 0.4579326923076923 0.8798076923076923 0.06850961538461539 0.23918269230769232
3 0.23557692307692307 0.8810096153846154 0.33653846153846156 0.23317307692307693
3 0.5372596153846154 0.1045673076923077 0.2548076923076923 0.08774038461538461
3 0.8305288461538461 0.12259615384615384 0.1875 0.17668269230769232