0 0.49759615384615385 0.36899038461538464 0.14543269230769232 0.5396634615384616
0 0.609375 0.3894230769230769 0.06850961538461539 0.546875
0 0.20793269230769232 0.4182692307692308 0.08653846153846154 0.484375
0 0.6826923076923077 0.4206730769230769 0.06610576923076923 0.4723557692307692
0 0.3401442307692308 0.43990384615384615 0.15985576923076922 0.4651442307692308
0 0.75 0.4519230769230769 0.056490384615384616 0.4675480769230769
0 0.10216346153846154 0.4543269230769231 0.09975961538461539 0.4423076923076923
0 0.8076923076923077 0.5036057692307693 0.046875 0.47596153846153844
0 0.8581730769230769 0.5588942307692307 0.040865384615384616 0.46274038461538464
0 0.9074519230769231 0.6286057692307693 0.04326923076923077 0.45552884615384615
0 0.9615384615384616 0.6959134615384616 0.04927884615384615 0.42908653846153844
0 0.3954326923076923 0.09975961538461539 0.02283653846153846 0.057692307692307696
0 0.34615384615384615 0.125 0.056490384615384616 0.12379807692307693