3 0.14182692307692307 0.14182692307692307 0.27283653846153844 0.24879807692307693
3 0.390625 0.18028846153846154 0.10576923076923077 0.14543269230769232
3 0.32211538461538464 0.3557692307692308 0.47475961538461536 0.15504807692307693
3 0.6189903846153846 0.39663461538461536 0.057692307692307696 0.0829326923076923
3 0.4170673076923077 0.5492788461538461 0.5841346153846154 0.19230769230769232
3 0.8004807692307693 0.6298076923076923 0.07692307692307693 0.10216346153846154
3 0.5829326923076923 0.6694711538461539 0.21033653846153846 0.021634615384615384
3 0.24519230769230768 0.6923076923076923 0.17307692307692307 0.0625
3 0.2692307692307692 0.7692307692307693 0.11538461538461539 0.055288461538461536
3 0.6057692307692307 0.84375 0.4519230769230769 0.3076923076923077
3 0.9050480769230769 0.8762019230769231 0.11177884615384616 0.23557692307692307