1 0.5889423076923077 0.36778846153846156 0.36658653846153844 0.16826923076923078
1 0.33052884615384615 0.4170673076923077 0.10817307692307693 0.04927884615384615
1 0.6057692307692307 0.5 0.0829326923076923 0.07451923076923077
1 0.3641826923076923 0.5456730769230769 0.35096153846153844 0.15985576923076922
1 0.1346153846153846 0.5721153846153846 0.0829326923076923 0.09615384615384616
1 0.6165865384615384 0.5853365384615384 0.12259615384615384 0.0625
1 0.5324519230769231 0.6778846153846154 0.09495192307692307 0.0733173076923077
1 0.38461538461538464 0.71875 0.1658653846153846 0.14783653846153846
1 0.13942307692307693 0.8076923076923077 0.27524038461538464 0.3401442307692308
1 0.84375 0.8100961538461539 0.25600961538461536 0.1658653846153846
1 0.6826923076923077 0.8317307692307693 0.0625 0.0733173076923077
1 0.3545673076923077 0.8461538461538461 0.11057692307692307 0.07932692307692307
1 0.8269230769230769 0.9314903846153846 0.0673076923076923 0.04807692307692308
1 0.6153846153846154 0.9519230769230769 0.30408653846153844 0.09014423076923077
1 0.8894230769230769 0.140625 0.21634615384615385 0.23798076923076922
1 0.7259615384615384 0.17067307692307693 0.08413461538461539 0.18269230769230768
1 0.6189903846153846 0.2091346153846154 0.10817307692307693 0.10576923076923077
1 0.8533653846153846 0.3137019230769231 0.12740384615384615 0.0673076923076923