2 0.5685096153846154 0.33774038461538464 0.20432692307692307 0.06490384615384616
2 0.5588942307692307 0.4182692307692308 0.21514423076923078 0.07692307692307693
2 0.4963942307692308 0.5144230769230769 0.2127403846153846 0.06850961538461539
2 0.4735576923076923 0.5588942307692307 0.20432692307692307 0.02283653846153846
2 0.42788461538461536 0.609375 0.20552884615384615 0.0625
2 0.39903846153846156 0.6911057692307693 0.11177884615384616 0.07451923076923077
2 0.22956730769230768 0.0733173076923077 0.078125 0.06370192307692307
2 0.31009615384615385 0.7403846153846154 0.04447115384615385 0.046875
2 0.6057692307692307 0.08052884615384616 0.0829326923076923 0.0733173076923077
2 0.4074519230769231 0.8064903846153846 0.1045673076923077 0.1201923076923077
2 0.40865384615384615 0.9242788461538461 0.0985576923076923 0.10817307692307693
2 0.06129807692307692 0.12860576923076922 0.08774038461538461 0.04447115384615385
2 0.5721153846153846 0.18269230769230768 0.09375 0.08653846153846154
2 0.11658653846153846 0.021634615384615384 0.09375 0.04326923076923077
2 0.5300480769230769 0.26322115384615385 0.1201923076923077 0.0625