2 0.49399038461538464 0.34134615384615385 0.14182692307692307 0.07692307692307693
2 0.6814903846153846 0.3473557692307692 0.11298076923076923 0.07211538461538461
2 0.4026442307692308 0.04447115384615385 0.09254807692307693 0.06850961538461539
2 0.5492788461538461 0.4579326923076923 0.13341346153846154 0.09975961538461539
2 0.7524038461538461 0.47716346153846156 0.06971153846153846 0.08173076923076923
2 0.6033653846153846 0.5612980769230769 0.14182692307692307 0.0829326923076923
2 0.8269230769230769 0.6165865384615384 0.05889423076923077 0.06129807692307692
2 0.6310096153846154 0.6574519230769231 0.11177884615384616 0.06850961538461539
2 0.8497596153846154 0.6802884615384616 0.06129807692307692 0.03245192307692308
2 0.6382211538461539 0.7223557692307693 0.09975961538461539 0.055288461538461536
2 0.65625 0.7692307692307693 0.06129807692307692 0.020432692307692308
2 0.7560096153846154 0.8389423076923077 0.109375 0.057692307692307696
2 0.7115384615384616 0.9110576923076923 0.078125 0.0673076923076923
2 0.5733173076923077 0.1201923076923077 0.0889423076923077 0.04567307692307692
2 0.35096153846153844 0.12620192307692307 0.11538461538461539 0.039663461538461536
2 0.5637019230769231 0.17668269230769232 0.11177884615384616 0.03365384615384615
2 0.41586538461538464 0.1875 0.13701923076923078 0.04927884615384615
2 0.5625 0.20673076923076922 0.09254807692307693 0.042067307692307696
2 0.46634615384615385 0.25240384615384615 0.14423076923076922 0.08173076923076923
2 0.6117788461538461 0.265625 0.056490384615384616 0.03485576923076923