0 0.609375 0.5757211538461539 0.18990384615384615 0.11899038461538461
0 0.359375 0.5925480769230769 0.0985576923076923 0.2644230769230769
0 0.2644230769230769 0.6478365384615384 0.056490384615384616 0.0889423076923077
0 0.3629807692307692 0.07091346153846154 0.03245192307692308 0.052884615384615384
0 0.5877403846153846 0.6814903846153846 0.13221153846153846 0.056490384615384616
0 0.46153846153846156 0.6923076923076923 0.08413461538461539 0.1814903846153846
0 0.8786057692307693 0.7259615384615384 0.051682692307692304 0.0985576923076923
0 0.20673076923076922 0.7536057692307693 0.03245192307692308 0.0829326923076923
0 0.5552884615384616 0.7836538461538461 0.078125 0.10336538461538461
0 0.36658653846153844 0.8004807692307693 0.09615384615384616 0.13341346153846154
0 0.9807692307692307 0.8004807692307693 0.02403846153846154 0.07211538461538461
0 0.6802884615384616 0.8028846153846154 0.056490384615384616 0.12139423076923077
0 0.2800480769230769 0.8028846153846154 0.042067307692307696 0.1935096153846154
0 0.7728365384615384 0.8197115384615384 0.07091346153846154 0.1658653846153846
0 0.45913461538461536 0.8737980769230769 0.06850961538461539 0.16105769230769232
0 0.1935096153846154 0.8762019230769231 0.07091346153846154 0.15384615384615385
0 0.5264423076923077 0.8882211538461539 0.027644230769230768 0.0889423076923077
0 0.36177884615384615 0.890625 0.09134615384615384 0.038461538461538464
0 0.12379807692307693 0.9447115384615384 0.036057692307692304 0.07091346153846154
0 0.32211538461538464 0.9579326923076923 0.15865384615384615 0.07932692307692307
0 0.47596153846153844 0.9831730769230769 0.046875 0.03245192307692308
0 0.7103365384615384 0.125 0.37259615384615385 0.23798076923076922
0 0.14783653846153846 0.234375 0.20072115384615385 0.14543269230769232
0 0.028846153846153848 0.24278846153846154 0.02403846153846154 0.054086538461538464
0 0.46153846153846156 0.27524038461538464 0.09254807692307693 0.23197115384615385
0 0.7848557692307693 0.2932692307692308 0.15264423076923078 0.0625
0 0.14783653846153846 0.33533653846153844 0.09254807692307693 0.04807692307692308
0 0.28365384615384615 0.35216346153846156 0.038461538461538464 0.15504807692307693
0 0.7692307692307693 0.36538461538461536 0.09975961538461539 0.06850961538461539
0 0.3762019230769231 0.36778846153846156 0.054086538461538464 0.10697115384615384
0 0.6081730769230769 0.3798076923076923 0.1658653846153846 0.2403846153846154
0 0.22235576923076922 0.42788461538461536 0.05048076923076923 0.07211538461538461
0 0.7463942307692307 0.4675480769230769 0.052884615384615384 0.11298076923076923
0 0.46153846153846156 0.4987980769230769 0.08653846153846154 0.18990384615384615
0 0.28725961538461536 0.5552884615384616 0.030048076923076924 0.08533653846153846