3 0.8365384615384616 0.5372596153846154 0.06971153846153846 0.036057692307692304
3 0.6298076923076923 0.6117788461538461 0.31971153846153844 0.06850961538461539
3 0.6574519230769231 0.7151442307692307 0.2704326923076923 0.05889423076923077
3 0.171875 0.7415865384615384 0.12620192307692307 0.453125
3 0.04927884615384615 0.7860576923076923 0.0733173076923077 0.31971153846153844
3 0.6778846153846154 0.7956730769230769 0.14783653846153846 0.07211538461538461
3 0.3076923076923077 0.8100961538461539 0.0625 0.3485576923076923
3 0.41947115384615385 0.8942307692307693 0.08533653846153846 0.13341346153846154
3 0.8858173076923077 0.17548076923076922 0.18509615384615385 0.2536057692307692
3 0.3112980769230769 0.25 0.04807692307692308 0.27163461538461536
3 0.5625 0.28725961538461536 0.3786057692307692 0.5228365384615384
3 0.8533653846153846 0.4014423076923077 0.12620192307692307 0.15865384615384615