3 0.45072115384615385 0.2860576923076923 0.12139423076923077 0.039663461538461536
3 0.33413461538461536 0.2932692307692308 0.038461538461538464 0.04567307692307692
3 0.5853365384615384 0.31490384615384615 0.06490384615384616 0.43028846153846156
3 0.453125 0.4026442307692308 0.1658653846153846 0.18389423076923078
3 0.6814903846153846 0.45552884615384615 0.07572115384615384 0.5012019230769231
3 0.10216346153846154 0.051682692307692304 0.07572115384615384 0.08413461538461539
3 0.9387019230769231 0.5132211538461539 0.08173076923076923 0.06129807692307692
3 0.5540865384615384 0.5745192307692307 0.11298076923076923 0.036057692307692304
3 0.7764423076923077 0.5841346153846154 0.039663461538461536 0.5625
3 0.8509615384615384 0.6286057692307693 0.04807692307692308 0.5084134615384616
3 0.6033653846153846 0.6418269230769231 0.04326923076923077 0.040865384615384616
3 0.9471153846153846 0.7475961538461539 0.08774038461538461 0.3798076923076923
3 0.6947115384615384 0.7536057692307693 0.054086538461538464 0.04567307692307692
3 0.7247596153846154 0.8125 0.03125 0.04326923076923077
3 0.8497596153846154 0.9146634615384616 0.08173076923076923 0.037259615384615384
3 0.9278846153846154 0.96875 0.12620192307692307 0.028846153846153848
3 0.34134615384615385 0.14182692307692307 0.37259615384615385 0.23076923076923078
3 0.6466346153846154 0.1658653846153846 0.02283653846153846 0.037259615384615384