4 0.4831730769230769 0.10697115384615384 0.2860576923076923 0.07091346153846154
4 0.5985576923076923 0.20072115384615385 0.1875 0.06971153846153846
4 0.4050480769230769 0.203125 0.09495192307692307 0.08653846153846154
4 0.4411057692307692 0.03245192307692308 0.23317307692307693 0.06129807692307692
4 0.5300480769230769 0.3125 0.3269230769230769 0.12259615384615384
4 0.5637019230769231 0.41947115384615385 0.3581730769230769 0.06971153846153846
4 0.5492788461538461 0.4807692307692308 0.33653846153846156 0.038461538461538464
4 0.6682692307692307 0.5600961538461539 0.13581730769230768 0.10336538461538461
4 0.48677884615384615 0.5625 0.17427884615384615 0.10336538461538461
4 0.5901442307692307 0.6526442307692307 0.33533653846153844 0.06971153846153846
4 0.5456730769230769 0.7451923076923077 0.14903846153846154 0.09615384615384616
4 0.7247596153846154 0.7463942307692307 0.16105769230769232 0.09615384615384616
4 0.5120192307692307 0.8149038461538461 0.09134615384615384 0.030048076923076924
4 0.7836538461538461 0.8377403846153846 0.054086538461538464 0.051682692307692304
4 0.5949519230769231 0.890625 0.10697115384615384 0.10817307692307693
4 0.7764423076923077 0.9399038461538461 0.06370192307692307 0.08052884615384616