2 0.5973557692307693 0.22235576923076922 0.19110576923076922 0.06129807692307692
2 0.5240384615384616 0.28125 0.22235576923076922 0.037259615384615384
2 0.48197115384615385 0.34375 0.22596153846153846 0.06009615384615385
2 0.42788461538461536 0.39663461538461536 0.15384615384615385 0.019230769230769232
2 0.7115384615384616 0.04326923076923077 0.11899038461538461 0.04567307692307692
2 0.38461538461538464 0.4338942307692308 0.20552884615384615 0.039663461538461536
2 0.47115384615384615 0.5 0.11658653846153846 0.051682692307692304
2 0.3004807692307692 0.515625 0.12620192307692307 0.06129807692307692
2 0.8485576923076923 0.5913461538461539 0.09134615384615384 0.078125
2 0.41225961538461536 0.5949519230769231 0.1346153846153846 0.06129807692307692
2 0.21754807692307693 0.6141826923076923 0.16105769230769232 0.04927884615384615
2 0.31009615384615385 0.6682692307692307 0.18269230769230768 0.02283653846153846
2 0.8545673076923077 0.6730769230769231 0.078125 0.051682692307692304
2 0.27283653846153844 0.7019230769230769 0.28365384615384615 0.026442307692307692
2 0.8810096153846154 0.7391826923076923 0.03125 0.04326923076923077
2 0.17668269230769232 0.7463942307692307 0.14302884615384615 0.039663461538461536
2 0.2824519230769231 0.7920673076923077 0.21634615384615385 0.036057692307692304
2 0.09254807692307693 0.8028846153846154 0.04927884615384615 0.014423076923076924
2 0.09615384615384616 0.84375 0.15745192307692307 0.03485576923076923
2 0.25841346153846156 0.8966346153846154 0.23197115384615385 0.051682692307692304
2 0.07211538461538461 0.9519230769230769 0.14423076923076922 0.04807692307692308
2 0.6514423076923077 0.09975961538461539 0.1875 0.03365384615384615
2 0.6105769230769231 0.15745192307692307 0.18509615384615385 0.04447115384615385