2 0.6983173076923077 0.36658653846153844 0.07692307692307693 0.027644230769230768
2 0.8389423076923077 0.38341346153846156 0.0673076923076923 0.03125
2 0.7896634615384616 0.4387019230769231 0.10697115384615384 0.039663461538461536
2 0.6754807692307693 0.45552884615384615 0.09134615384615384 0.056490384615384616
2 0.6838942307692307 0.5228365384615384 0.06850961538461539 0.04927884615384615
2 0.8485576923076923 0.5336538461538461 0.0673076923076923 0.040865384615384616
2 0.6790865384615384 0.5889423076923077 0.125 0.05889423076923077
2 0.046875 0.5901442307692307 0.06490384615384616 0.05048076923076923
2 0.8389423076923077 0.6322115384615384 0.09735576923076923 0.057692307692307696
2 0.04927884615384615 0.6586538461538461 0.0733173076923077 0.046875
2 0.8858173076923077 0.6875 0.07572115384615384 0.018028846153846152
2 0.6959134615384616 0.6959134615384616 0.12139423076923077 0.04567307692307692
2 0.07692307692307693 0.7151442307692307 0.109375 0.039663461538461536
2 0.8677884615384616 0.7271634615384616 0.09495192307692307 0.04447115384615385
2 0.7211538461538461 0.7584134615384616 0.11658653846153846 0.04927884615384615
2 0.12740384615384615 0.8028846153846154 0.11899038461538461 0.051682692307692304
2 0.36177884615384615 0.08413461538461539 0.13942307692307693 0.05048076923076923
2 0.7668269230769231 0.8257211538461539 0.11057692307692307 0.055288461538461536
2 0.578125 0.1346153846153846 0.15384615384615385 0.036057692307692304
2 0.8377403846153846 0.20673076923076922 0.07091346153846154 0.028846153846153848
2 0.7283653846153846 0.2644230769230769 0.10576923076923077 0.03245192307692308
2 0.8245192307692307 0.31490384615384615 0.11057692307692307 0.05048076923076923