0 0.3581730769230769 0.4026442307692308 0.025240384615384616 0.07451923076923077
0 0.9411057692307693 0.4110576923076923 0.07572115384615384 0.49759615384615385
0 0.32572115384615385 0.47115384615384615 0.02283653846153846 0.06490384615384616
0 0.8557692307692307 0.4723557692307692 0.08533653846153846 0.6814903846153846
0 0.6766826923076923 0.5132211538461539 0.2620192307692308 0.8533653846153846
0 0.3088942307692308 0.5805288461538461 0.11177884615384616 0.10817307692307693
0 0.47475961538461536 0.5985576923076923 0.12139423076923077 0.6947115384615384
0 0.9495192307692307 0.6875 0.019230769230769232 0.042067307692307696
0 0.3858173076923077 0.7235576923076923 0.03245192307692308 0.3425480769230769
0 0.27163461538461536 0.7415865384615384 0.09134615384615384 0.19591346153846154
0 0.16346153846153846 0.8365384615384616 0.056490384615384616 0.12740384615384615
0 0.35096153846153844 0.8461538461538461 0.02403846153846154 0.08533653846153846
0 0.8365384615384616 0.8966346153846154 0.03245192307692308 0.14423076923076922
0 0.5012019230769231 0.20192307692307693 0.020432692307692308 0.07572115384615384