3 0.5 0.3858173076923077 0.027644230769230768 0.1045673076923077
3 0.47596153846153844 0.40024038461538464 0.018028846153846152 0.13341346153846154
3 0.9723557692307693 0.4026442307692308 0.027644230769230768 0.13701923076923078
3 0.9375 0.41346153846153844 0.03125 0.15144230769230768
3 0.9098557692307693 0.421875 0.028846153846153848 0.14543269230769232
3 0.8762019230769231 0.4326923076923077 0.027644230769230768 0.14543269230769232
3 0.45072115384615385 0.4326923076923077 0.025240384615384616 0.1346153846153846
3 0.8449519230769231 0.44591346153846156 0.027644230769230768 0.15264423076923078
3 0.41947115384615385 0.45913461538461536 0.026442307692307692 0.15144230769230768
3 0.8137019230769231 0.4639423076923077 0.026442307692307692 0.14182692307692307
3 0.38341346153846156 0.49158653846153844 0.036057692307692304 0.11899038461538461
3 0.7776442307692307 0.4951923076923077 0.036057692307692304 0.14182692307692307
3 0.7463942307692307 0.5084134615384616 0.02283653846153846 0.1502403846153846
3 0.5072115384615384 0.5132211538461539 0.025240384615384616 0.040865384615384616
3 0.3401442307692308 0.53125 0.036057692307692304 0.13221153846153846
3 0.47716346153846156 0.5360576923076923 0.030048076923076924 0.039663461538461536
3 0.3004807692307692 0.5576923076923077 0.03125 0.125
3 0.44591346153846156 0.5721153846153846 0.03125 0.038461538461538464
3 0.26322115384615385 0.5757211538461539 0.028846153846153848 0.10216346153846154
3 0.4170673076923077 0.5865384615384616 0.020432692307692308 0.04567307692307692
3 0.390625 0.6081730769230769 0.03365384615384615 0.04326923076923077
3 0.4987980769230769 0.6117788461538461 0.02283653846153846 0.04567307692307692
3 0.22596153846153846 0.6129807692307693 0.038461538461538464 0.10216346153846154
3 0.3605769230769231 0.6237980769230769 0.02283653846153846 0.039663461538461536
3 0.9519230769230769 0.625 0.03245192307692308 0.15745192307692307
3 0.17908653846153846 0.6394230769230769 0.042067307692307696 0.08413461538461539
3 0.9098557692307693 0.6430288461538461 0.04326923076923077 0.16346153846153846
3 0.3317307692307692 0.6454326923076923 0.02403846153846154 0.036057692307692304
3 0.13822115384615385 0.6622596153846154 0.03485576923076923 0.0889423076923077
3 0.30649038461538464 0.6622596153846154 0.027644230769230768 0.038461538461538464
3 0.8605769230769231 0.6634615384615384 0.040865384615384616 0.17307692307692307
3 0.49038461538461536 0.6694711538461539 0.020432692307692308 0.052884615384615384
3 0.09495192307692307 0.6754807692307693 0.05048076923076923 0.04807692307692308
3 0.27163461538461536 0.6850961538461539 0.030048076923076924 0.03365384615384615
3 0.2403846153846154 0.7019230769230769 0.027644230769230768 0.021634615384615384
3 0.8088942307692307 0.7127403846153846 0.056490384615384616 0.16826923076923078
3 0.171875 0.7163461538461539 0.026442307692307692 0.030048076923076924
3 0.4831730769230769 0.7319711538461539 0.014423076923076924 0.04807692307692308
3 0.20192307692307693 0.7355769230769231 0.03245192307692308 0.051682692307692304
3 0.7512019230769231 0.7379807692307693 0.05048076923076923 0.17548076923076922
3 0.7067307692307693 0.7560096153846154 0.02403846153846154 0.15264423076923078
3 0.23317307692307693 0.7596153846153846 0.02283653846153846 0.06490384615384616
3 0.30528846153846156 0.7620192307692307 0.020432692307692308 0.11057692307692307
3 0.25600961538461536 0.7644230769230769 0.015625 0.09134615384615384
3 0.44711538461538464 0.7668269230769231 0.055288461538461536 0.25841346153846156
3 0.4074519230769231 0.7680288461538461 0.016826923076923076 0.22115384615384615
3 0.328125 0.7692307692307693 0.020432692307692308 0.14182692307692307
3 0.28125 0.7692307692307693 0.018028846153846152 0.10096153846153846
3 0.3545673076923077 0.7704326923076923 0.02403846153846154 0.15745192307692307
3 0.38221153846153844 0.7716346153846154 0.026442307692307692 0.18990384615384615
3 0.953125 0.8341346153846154 0.021634615384615384 0.04326923076923077
3 0.9182692307692307 0.8545673076923077 0.026442307692307692 0.06129807692307692
3 0.875 0.8677884615384616 0.04326923076923077 0.052884615384615384
3 0.8401442307692307 0.8930288461538461 0.026442307692307692 0.06971153846153846
3 0.8088942307692307 0.9110576923076923 0.025240384615384616 0.06129807692307692
3 0.9855769230769231 0.09254807692307693 0.027644230769230768 0.040865384615384616
3 0.6995192307692307 0.9254807692307693 0.042067307692307696 0.04326923076923077
3 0.7704326923076923 0.9254807692307693 0.036057692307692304 0.051682692307692304
3 0.7367788461538461 0.9290865384615384 0.02403846153846154 0.06610576923076923
3 0.953125 0.10336538461538461 0.026442307692307692 0.030048076923076924
3 0.9242788461538461 0.11057692307692307 0.026442307692307692 0.03365384615384615
3 0.8978365384615384 0.125 0.020432692307692308 0.051682692307692304
3 0.8762019230769231 0.1310096153846154 0.018028846153846152 0.04567307692307692
3 0.8533653846153846 0.13341346153846154 0.020432692307692308 0.04567307692307692
3 0.8293269230769231 0.14903846153846154 0.021634615384615384 0.051682692307692304
3 0.8028846153846154 0.17668269230769232 0.028846153846153848 0.06129807692307692
3 0.7728365384615384 0.1814903846153846 0.025240384615384616 0.04927884615384615
3 0.84375 0.21754807692307693 0.007211538461538462 0.030048076923076924
3 0.8305288461538461 0.2247596153846154 0.015625 0.040865384615384616
3 0.8125 0.234375 0.01201923076923077 0.028846153846153848
3 0.7932692307692307 0.2403846153846154 0.016826923076923076 0.028846153846153848
3 0.7716346153846154 0.24759615384615385 0.018028846153846152 0.040865384615384616
3 0.8497596153846154 0.3161057692307692 0.014423076923076924 0.016826923076923076
3 0.8269230769230769 0.3269230769230769 0.02403846153846154 0.02403846153846154
3 0.8016826923076923 0.3389423076923077 0.016826923076923076 0.036057692307692304
3 0.5300480769230769 0.35096153846153844 0.025240384615384616 0.09495192307692307
3 0.7824519230769231 0.35336538461538464 0.015625 0.03245192307692308
3 0.7668269230769231 0.3605769230769231 0.01201923076923077 0.04567307692307692
3 0.7536057692307693 0.36538461538461536 0.01201923076923077 0.039663461538461536