2 0.5120192307692307 0.31971153846153844 0.1622596153846154 0.06370192307692307
2 0.6117788461538461 0.39302884615384615 0.21514423076923078 0.027644230769230768
2 0.5877403846153846 0.4651442307692308 0.16826923076923078 0.07572115384615384
2 0.5120192307692307 0.052884615384615384 0.1622596153846154 0.08173076923076923
2 0.5985576923076923 0.5588942307692307 0.23317307692307693 0.08774038461538461
2 0.5997596153846154 0.6622596153846154 0.25 0.06850961538461539
2 0.6141826923076923 0.7355769230769231 0.19110576923076922 0.05889423076923077
2 0.5492788461538461 0.8725961538461539 0.12139423076923077 0.07451923076923077
2 0.5060096153846154 0.13581730769230768 0.1658653846153846 0.04447115384615385
2 0.49399038461538464 0.22596153846153846 0.16947115384615385 0.0673076923076923
2 0.6911057692307693 0.2824519230769231 0.07932692307692307 0.04326923076923077