3 0.6574519230769231 0.008413461538461538 0.07451923076923077 0.016826923076923076
3 0.5300480769230769 0.6466346153846154 0.054086538461538464 0.04927884615384615
3 0.38221153846153844 0.6862980769230769 0.05048076923076923 0.3269230769230769
3 0.46033653846153844 0.7247596153846154 0.08173076923076923 0.07932692307692307
3 0.33653846153846156 0.7560096153846154 0.03125 0.17548076923076922
3 0.44591346153846156 0.8329326923076923 0.040865384615384616 0.10697115384615384
3 0.6213942307692307 0.09134615384615384 0.09975961538461539 0.12259615384615384
3 0.4026442307692308 0.9459134615384616 0.06009615384615385 0.10336538461538461
3 0.35336538461538464 0.9735576923076923 0.03245192307692308 0.046875
3 0.6298076923076923 0.18269230769230768 0.04807692307692308 0.03485576923076923
3 0.6454326923076923 0.2932692307692308 0.046875 0.11658653846153846
3 0.5504807692307693 0.3076923076923077 0.10336538461538461 0.28365384615384615
3 0.453125 0.49399038461538464 0.07572115384615384 0.35336538461538464
3 0.546875 0.53125 0.08413461538461539 0.13822115384615385