0 0.3425480769230769 0.6899038461538461 0.28125 0.11538461538461539
0 0.8317307692307693 0.07572115384615384 0.0733173076923077 0.052884615384615384
0 0.13221153846153846 0.8185096153846154 0.15144230769230768 0.05048076923076923
0 0.28365384615384615 0.8221153846153846 0.13341346153846154 0.0829326923076923
0 0.10576923076923077 0.8978365384615384 0.19230769230769232 0.0829326923076923
0 0.7319711538461539 0.10216346153846154 0.040865384615384616 0.028846153846153848
0 0.8533653846153846 0.19951923076923078 0.07211538461538461 0.1466346153846154
0 0.734375 0.20673076923076922 0.14543269230769232 0.1622596153846154
0 0.49399038461538464 0.3701923076923077 0.0673076923076923 0.06129807692307692
0 0.4170673076923077 0.3870192307692308 0.04927884615384615 0.05048076923076923
0 0.6370192307692307 0.41225961538461536 0.16706730769230768 0.12980769230769232
0 0.4699519230769231 0.47115384615384615 0.04567307692307692 0.040865384615384616
0 0.32572115384615385 0.4879807692307692 0.040865384615384616 0.040865384615384616
0 0.28365384615384615 0.5612980769230769 0.054086538461538464 0.06129807692307692
0 0.453125 0.5612980769230769 0.19951923076923078 0.11778846153846154