3 0.3485576923076923 0.35336538461538464 0.3317307692307692 0.23076923076923078
3 0.5733173076923077 0.4699519230769231 0.0625 0.31009615384615385
3 0.3942307692307692 0.5336538461538461 0.28365384615384615 0.1141826923076923
3 0.6826923076923077 0.5997596153846154 0.10697115384615384 0.3701923076923077
3 0.4543269230769231 0.6382211538461539 0.18028846153846154 0.06610576923076923
3 0.14182692307692307 0.06850961538461539 0.10817307692307693 0.08653846153846154
3 0.4699519230769231 0.7019230769230769 0.0829326923076923 0.046875
3 0.5841346153846154 0.7271634615384616 0.06129807692307692 0.1778846153846154
3 0.8473557692307693 0.7512019230769231 0.1622596153846154 0.3954326923076923
3 0.4987980769230769 0.7560096153846154 0.057692307692307696 0.03365384615384615
3 0.2548076923076923 0.08533653846153846 0.09975961538461539 0.05889423076923077
3 0.6935096153846154 0.8473557692307693 0.10216346153846154 0.09615384615384616
3 0.8617788461538461 0.9723557692307693 0.11538461538461539 0.03125
3 0.21514423076923078 0.17307692307692307 0.22235576923076922 0.0889423076923077
3 0.3798076923076923 0.1875 0.07091346153846154 0.0673076923076923