2 0.5108173076923077 0.42908653846153844 0.13581730769230768 0.0625
2 0.49399038461538464 0.4987980769230769 0.1466346153846154 0.052884615384615384
2 0.44350961538461536 0.5540865384615384 0.21634615384615385 0.04927884615384615
2 0.38221153846153844 0.6129807692307693 0.23197115384615385 0.057692307692307696
2 0.41466346153846156 0.6670673076923077 0.057692307692307696 0.042067307692307696
2 0.2824519230769231 0.6766826923076923 0.16826923076923078 0.054086538461538464
2 0.22596153846153846 0.7475961538461539 0.14783653846153846 0.056490384615384616
2 0.17067307692307693 0.8137019230769231 0.12379807692307693 0.051682692307692304
2 0.13581730769230768 0.8737980769230769 0.1310096153846154 0.04447115384615385
2 0.07211538461538461 0.9350961538461539 0.125 0.05889423076923077
2 0.8641826923076923 0.19471153846153846 0.10697115384615384 0.055288461538461536
2 0.7451923076923077 0.2536057692307692 0.13822115384615385 0.03365384615384615
2 0.6911057692307693 0.3088942307692308 0.1778846153846154 0.037259615384615384
2 0.5829326923076923 0.35096153846153844 0.12620192307692307 0.037259615384615384