0 0.20793269230769232 0.22716346153846154 0.1971153846153846 0.4543269230769231
0 0.41466346153846156 0.3605769230769231 0.08653846153846154 0.31850961538461536
0 0.5012019230769231 0.38341346153846156 0.06490384615384616 0.2512019230769231
0 0.20432692307692307 0.49399038461538464 0.054086538461538464 0.057692307692307696
0 0.5649038461538461 0.5853365384615384 0.039663461538461536 0.4230769230769231
0 0.6129807692307693 0.6069711538461539 0.04447115384615385 0.38100961538461536
0 0.4050480769230769 0.6141826923076923 0.24759615384615385 0.15745192307692307
0 0.6670673076923077 0.6442307692307693 0.04567307692307692 0.30408653846153844
0 0.7644230769230769 0.6754807692307693 0.046875 0.09375
0 0.44711538461538464 0.7536057692307693 0.1778846153846154 0.09495192307692307
0 0.7175480769230769 0.7788461538461539 0.03125 0.43028846153846156
0 0.8834134615384616 0.8233173076923077 0.046875 0.10817307692307693
0 0.7836538461538461 0.8617788461538461 0.08653846153846154 0.25240384615384615
0 0.6033653846153846 0.8882211538461539 0.14543269230769232 0.14903846153846154
0 0.9074519230769231 0.9459134615384616 0.13221153846153846 0.10697115384615384