0 0.15745192307692307 0.10697115384615384 0.24639423076923078 0.13822115384615385
0 0.49759615384615385 0.2644230769230769 0.08533653846153846 0.09375
0 0.6694711538461539 0.32091346153846156 0.21875 0.20072115384615385
0 0.052884615384615384 0.34975961538461536 0.08173076923076923 0.18028846153846154
0 0.24278846153846154 0.39302884615384615 0.2283653846153846 0.375
0 0.7584134615384616 0.4951923076923077 0.3329326923076923 0.10817307692307693
0 0.44471153846153844 0.53125 0.1141826923076923 0.2668269230769231
0 0.8365384615384616 0.6237980769230769 0.30649038461538464 0.09975961538461539
0 0.25 0.6310096153846154 0.16346153846153846 0.07932692307692307
0 0.8665865384615384 0.7355769230769231 0.2620192307692308 0.07692307692307693
0 0.5192307692307693 0.7884615384615384 0.23557692307692307 0.2283653846153846
0 0.32572115384615385 0.7908653846153846 0.10216346153846154 0.1502403846153846
0 0.7139423076923077 0.8786057692307693 0.0889423076923077 0.14783653846153846
0 0.8978365384615384 0.8846153846153846 0.14543269230769232 0.12740384615384615