2 0.38461538461538464 0.17067307692307693 0.08533653846153846 0.03365384615384615
2 0.25240384615384615 0.18028846153846154 0.0673076923076923 0.038461538461538464
2 0.47475961538461536 0.24278846153846154 0.078125 0.036057692307692304
2 0.5204326923076923 0.27524038461538464 0.0625 0.021634615384615384
2 0.30288461538461536 0.2776442307692308 0.08774038461538461 0.08413461538461539
2 0.3870192307692308 0.3762019230769231 0.11658653846153846 0.054086538461538464
2 0.5072115384615384 0.4338942307692308 0.28365384615384615 0.025240384615384616
2 0.6502403846153846 0.484375 0.203125 0.06129807692307692
2 0.3942307692307692 0.4855769230769231 0.22355769230769232 0.04567307692307692
2 0.46153846153846156 0.5252403846153846 0.0985576923076923 0.018028846153846152
2 0.6550480769230769 0.5697115384615384 0.27283653846153844 0.09495192307692307
2 0.6778846153846154 0.6514423076923077 0.14543269230769232 0.056490384615384616