4 0.39663461538461536 0.2439903846153846 0.2247596153846154 0.056490384615384616
4 0.8052884615384616 0.2800480769230769 0.1778846153846154 0.08173076923076923
4 0.4543269230769231 0.38461538461538464 0.24278846153846154 0.1622596153846154
4 0.8293269230769231 0.46033653846153844 0.2247596153846154 0.234375
4 0.8100961538461539 0.055288461538461536 0.1875 0.10336538461538461
4 0.5 0.5829326923076923 0.27524038461538464 0.13581730769230768
4 0.8677884615384616 0.640625 0.1658653846153846 0.09975961538461539
4 0.5540865384615384 0.7271634615384616 0.3137019230769231 0.07932692307692307
4 0.3233173076923077 0.07572115384615384 0.28846153846153844 0.08774038461538461
4 0.056490384615384616 0.7932692307692307 0.11298076923076923 0.39663461538461536
4 0.8605769230769231 0.8485576923076923 0.19951923076923078 0.2764423076923077
4 0.5865384615384616 0.8954326923076923 0.25 0.18990384615384615
4 0.8064903846153846 0.171875 0.18990384615384615 0.10216346153846154