2 0.34615384615384615 0.5396634615384616 0.38822115384615385 0.06490384615384616
2 0.3918269230769231 0.06009615384615385 0.08052884615384616 0.057692307692307696
2 0.34615384615384615 0.6129807692307693 0.5528846153846154 0.054086538461538464
2 0.6959134615384616 0.6346153846153846 0.10216346153846154 0.030048076923076924
2 0.12259615384615384 0.6838942307692307 0.17668269230769232 0.06850961538461539
2 0.5793269230769231 0.6923076923076923 0.37259615384615385 0.08653846153846154
2 0.11658653846153846 0.7632211538461539 0.22235576923076922 0.052884615384615384
2 0.5396634615384616 0.7728365384615384 0.23557692307692307 0.052884615384615384
2 0.17427884615384615 0.8233173076923077 0.2091346153846154 0.04567307692307692
2 0.47596153846153844 0.8485576923076923 0.17908653846153846 0.0673076923076923
2 0.140625 0.8762019230769231 0.16466346153846154 0.039663461538461536
2 0.44350961538461536 0.9110576923076923 0.04326923076923077 0.025240384615384616
2 0.13822115384615385 0.9242788461538461 0.09014423076923077 0.039663461538461536
2 0.38100961538461536 0.1310096153846154 0.09615384615384616 0.05889423076923077
2 0.38221153846153844 0.21514423076923078 0.15504807692307693 0.09134615384615384
2 0.30288461538461536 0.2980769230769231 0.1502403846153846 0.027644230769230768
2 0.2764423076923077 0.3473557692307692 0.21514423076923078 0.04567307692307692
2 0.47475961538461536 0.35336538461538464 0.0829326923076923 0.04807692307692308
2 0.22235576923076922 0.4014423076923077 0.09495192307692307 0.052884615384615384
2 0.5324519230769231 0.4230769230769231 0.056490384615384616 0.04567307692307692
2 0.2620192307692308 0.4699519230769231 0.22115384615384615 0.052884615384615384
2 0.4651442307692308 0.47716346153846156 0.1346153846153846 0.037259615384615384