0 0.5552884615384616 0.5997596153846154 0.15384615384615385 0.17548076923076922
0 0.31490384615384615 0.0673076923076923 0.06009615384615385 0.0985576923076923
0 0.6959134615384616 0.625 0.10096153846153846 0.11057692307692307
0 0.15745192307692307 0.6947115384615384 0.0889423076923077 0.2980769230769231
0 0.41586538461538464 0.7007211538461539 0.08413461538461539 0.22596153846153846
0 0.28365384615384615 0.7247596153846154 0.14302884615384615 0.3473557692307692
0 0.5432692307692307 0.734375 0.12860576923076922 0.06009615384615385
0 0.056490384615384616 0.7475961538461539 0.07692307692307693 0.21995192307692307
0 0.49278846153846156 0.8293269230769231 0.037259615384615384 0.07211538461538461
0 0.4206730769230769 0.8942307692307693 0.028846153846153848 0.06850961538461539
0 0.5865384615384616 0.9074519230769231 0.04807692307692308 0.11658653846153846
0 0.30288461538461536 0.9254807692307693 0.0985576923076923 0.042067307692307696
0 0.7860576923076923 0.9423076923076923 0.037259615384615384 0.06009615384615385
0 0.6850961538461539 0.9579326923076923 0.06009615384615385 0.078125
0 0.20072115384615385 0.10216346153846154 0.038461538461538464 0.054086538461538464
0 0.6790865384615384 0.140625 0.11778846153846154 0.1346153846153846
0 0.484375 0.018028846153846152 0.02403846153846154 0.036057692307692304
0 0.32091346153846156 0.21514423076923078 0.08533653846153846 0.15504807692307693
0 0.2548076923076923 0.24639423076923078 0.03245192307692308 0.06009615384615385
0 0.5420673076923077 0.25240384615384615 0.14182692307692307 0.18990384615384615
0 0.8737980769230769 0.2668269230769231 0.23076923076923078 0.21754807692307693
0 0.4230769230769231 0.31009615384615385 0.03485576923076923 0.0829326923076923
0 0.6911057692307693 0.3293269230769231 0.1141826923076923 0.18509615384615385
0 0.18870192307692307 0.03485576923076923 0.07451923076923077 0.05889423076923077
0 0.43028846153846156 0.40024038461538464 0.02403846153846154 0.06610576923076923
0 0.5456730769230769 0.4266826923076923 0.16706730769230768 0.1310096153846154
0 0.8713942307692307 0.4362980769230769 0.21875 0.1045673076923077
0 0.3473557692307692 0.4423076923076923 0.11538461538461539 0.18990384615384615
0 0.24759615384615385 0.49278846153846156 0.057692307692307696 0.11298076923076923
0 0.6911057692307693 0.4951923076923077 0.09615384615384616 0.11538461538461539
0 0.43509615384615385 0.5252403846153846 0.04567307692307692 0.12740384615384615
0 0.8185096153846154 0.5336538461538461 0.13701923076923078 0.05889423076923077