3 0.8100961538461539 0.40024038461538464 0.375 0.19951923076923078
3 0.3004807692307692 0.49158653846153844 0.19591346153846154 0.09615384615384616
3 0.75 0.546875 0.3786057692307692 0.051682692307692304
3 0.2283653846153846 0.609375 0.2247596153846154 0.08173076923076923
3 0.6646634615384616 0.640625 0.5048076923076923 0.07451923076923077
3 0.04326923076923077 0.6875 0.08653846153846154 0.057692307692307696
3 0.25961538461538464 0.6983173076923077 0.25600961538461536 0.03245192307692308
3 0.6442307692307693 0.7091346153846154 0.4651442307692308 0.030048076923076924
3 0.3786057692307692 0.8497596153846154 0.7463942307692307 0.22235576923076922
3 0.5384615384615384 0.9807692307692307 0.35096153846153844 0.02283653846153846
3 0.84375 0.15144230769230768 0.3076923076923077 0.2644230769230769
3 0.5733173076923077 0.18629807692307693 0.12379807692307693 0.18990384615384615