0 0.5432692307692307 0.18269230769230768 0.09014423076923077 0.12620192307692307
0 0.7824519230769231 0.19591346153846154 0.04807692307692308 0.09254807692307693
0 0.1502403846153846 0.2608173076923077 0.057692307692307696 0.12259615384615384
0 0.06129807692307692 0.26322115384615385 0.055288461538461536 0.109375
0 0.3016826923076923 0.046875 0.06490384615384616 0.09375
0 0.9411057692307693 0.5721153846153846 0.07451923076923077 0.125
0 0.10576923076923077 0.5817307692307693 0.036057692307692304 0.06370192307692307
0 0.49278846153846156 0.5997596153846154 0.5745192307692307 0.6117788461538461
0 0.8425480769230769 0.7067307692307693 0.08413461538461539 0.16346153846153846
0 0.12980769230769232 0.7632211538461539 0.07572115384615384 0.12620192307692307
0 0.47115384615384615 0.0829326923076923 0.026442307692307692 0.06129807692307692
0 0.9278846153846154 0.8641826923076923 0.039663461538461536 0.09375
0 0.5697115384615384 0.9543269230769231 0.10096153846153846 0.08653846153846154
0 0.6141826923076923 0.09735576923076923 0.054086538461538464 0.05889423076923077