2 0.45072115384615385 0.32091346153846156 0.37740384615384615 0.09254807692307693
2 0.5528846153846154 0.4230769230769231 0.375 0.06370192307692307
2 0.6502403846153846 0.5036057692307693 0.3894230769230769 0.06610576923076923
2 0.46033653846153844 0.05889423076923077 0.18028846153846154 0.06610576923076923
2 0.7331730769230769 0.5901442307692307 0.5324519230769231 0.08052884615384616
2 0.6622596153846154 0.7091346153846154 0.2980769230769231 0.08533653846153846
2 0.7668269230769231 0.8329326923076923 0.21153846153846154 0.09495192307692307
2 0.8377403846153846 0.9471153846153846 0.21514423076923078 0.0829326923076923
2 0.09254807692307693 0.9471153846153846 0.14182692307692307 0.1045673076923077
2 0.5432692307692307 0.9771634615384616 0.28846153846153844 0.040865384615384616
2 0.4651442307692308 0.15384615384615385 0.2247596153846154 0.09375
2 0.421875 0.23677884615384615 0.2620192307692308 0.0673076923076923