0 0.9579326923076923 0.7103365384615384 0.028846153846153848 0.23317307692307693
0 0.8834134615384616 0.7776442307692307 0.10697115384615384 0.43990384615384615
0 0.5012019230769231 0.7992788461538461 0.6021634615384616 0.0625
0 0.5564903846153846 0.8846153846153846 0.4963942307692308 0.06129807692307692
0 0.6935096153846154 0.9651442307692307 0.2283653846153846 0.06490384615384616
0 0.23076923076923078 0.27283653846153844 0.32572115384615385 0.5216346153846154
0 0.484375 0.2956730769230769 0.16706730769230768 0.49038461538461536
0 0.6550480769230769 0.328125 0.15985576923076922 0.4098557692307692
0 0.8413461538461539 0.36899038461538464 0.19230769230769232 0.35216346153846156
0 0.9699519230769231 0.390625 0.046875 0.36177884615384615
0 0.03125 0.48677884615384615 0.04326923076923077 0.34975961538461536
0 0.44350961538461536 0.6574519230769231 0.7524038461538461 0.19230769230769232