2 0.6310096153846154 0.3473557692307692 0.15264423076923078 0.051682692307692304
2 0.6081730769230769 0.4098557692307692 0.1346153846153846 0.04567307692307692
2 0.5841346153846154 0.46153846153846156 0.10817307692307693 0.039663461538461536
2 0.5745192307692307 0.5096153846153846 0.11298076923076923 0.036057692307692304
2 0.8557692307692307 0.056490384615384616 0.11298076923076923 0.026442307692307692
2 0.5432692307692307 0.5540865384615384 0.09615384615384616 0.03125
2 0.5216346153846154 0.5985576923076923 0.0733173076923077 0.03245192307692308
2 0.3701923076923077 0.609375 0.04567307692307692 0.026442307692307692
2 0.31490384615384615 0.7391826923076923 0.055288461538461536 0.026442307692307692
2 0.4675480769230769 0.7716346153846154 0.04326923076923077 0.018028846153846152
2 0.24639423076923078 0.84375 0.1310096153846154 0.05889423076923077
2 0.7764423076923077 0.10336538461538461 0.13701923076923078 0.039663461538461536
2 0.7379807692307693 0.15865384615384615 0.12259615384615384 0.051682692307692304
2 0.6947115384615384 0.21754807692307693 0.14783653846153846 0.054086538461538464
2 0.6586538461538461 0.2848557692307692 0.14543269230769232 0.05889423076923077