2 0.3954326923076923 0.5024038461538461 0.23798076923076922 0.06490384615384616
2 0.39903846153846156 0.5673076923076923 0.14543269230769232 0.036057692307692304
2 0.4206730769230769 0.06129807692307692 0.25961538461538464 0.12259615384615384
2 0.6274038461538461 0.6081730769230769 0.10336538461538461 0.17668269230769232
2 0.39783653846153844 0.6153846153846154 0.08052884615384616 0.028846153846153848
2 0.5084134615384616 0.7956730769230769 0.07211538461538461 0.052884615384615384
2 0.6766826923076923 0.8521634615384616 0.042067307692307696 0.03365384615384615
2 0.5300480769230769 0.8725961538461539 0.09134615384615384 0.06610576923076923
2 0.4567307692307692 0.8954326923076923 0.040865384615384616 0.054086538461538464
2 0.5096153846153846 0.9387019230769231 0.04326923076923077 0.039663461538461536
2 0.31490384615384615 0.2127403846153846 0.1502403846153846 0.16466346153846154
2 0.46274038461538464 0.21634615384615385 0.11057692307692307 0.15865384615384615
2 0.5709134615384616 0.23557692307692307 0.08052884615384616 0.11538461538461539
2 0.3125 0.32091346153846156 0.06009615384615385 0.037259615384615384
2 0.49158653846153844 0.32572115384615385 0.265625 0.040865384615384616
2 0.46274038461538464 0.38221153846153844 0.2668269230769231 0.057692307692307696
2 0.41586538461538464 0.44471153846153844 0.28365384615384615 0.03245192307692308