0 0.5889423076923077 0.25 0.41346153846153844 0.06009615384615385
0 0.6213942307692307 0.31850961538461536 0.3485576923076923 0.056490384615384616
0 0.6478365384615384 0.3858173076923077 0.3161057692307692 0.04447115384615385
0 0.4182692307692308 0.042067307692307696 0.453125 0.04447115384615385
0 0.6730769230769231 0.45072115384615385 0.29447115384615385 0.04447115384615385
0 0.6911057692307693 0.5060096153846154 0.23677884615384615 0.04447115384615385
0 0.7379807692307693 0.5877403846153846 0.22716346153846154 0.09735576923076923
0 0.7632211538461539 0.6911057692307693 0.18509615384615385 0.07932692307692307
0 0.7956730769230769 0.7836538461538461 0.1658653846153846 0.07451923076923077
0 0.8329326923076923 0.8954326923076923 0.13221153846153846 0.11538461538461539
0 0.4723557692307692 0.10216346153846154 0.4723557692307692 0.046875
0 0.5492788461538461 0.17548076923076922 0.46274038461538464 0.0673076923076923