0 0.4050480769230769 0.5661057692307693 0.05048076923076923 0.04807692307692308
0 0.35336538461538464 0.6009615384615384 0.03245192307692308 0.06490384615384616
0 0.30528846153846156 0.6382211538461539 0.039663461538461536 0.04326923076923077
0 0.2439903846153846 0.6790865384615384 0.040865384615384616 0.03485576923076923
0 0.18389423076923078 0.7091346153846154 0.025240384615384616 0.019230769230769232
0 0.21033653846153846 0.7331730769230769 0.020432692307692308 0.02283653846153846
0 0.14783653846153846 0.7620192307692307 0.018028846153846152 0.02403846153846154
0 0.10817307692307693 0.7860576923076923 0.028846153846153848 0.03245192307692308
0 0.7247596153846154 0.3485576923076923 0.03485576923076923 0.04807692307692308
0 0.6081730769230769 0.42908653846153844 0.06009615384615385 0.03245192307692308
0 0.5564903846153846 0.4699519230769231 0.04567307692307692 0.03365384615384615
0 0.5084134615384616 0.5 0.042067307692307696 0.051682692307692304
0 0.46033653846153844 0.5276442307692307 0.039663461538461536 0.07091346153846154