0 0.6274038461538461 0.6850961538461539 0.055288461538461536 0.21033653846153846
0 0.765625 0.7271634615384616 0.03485576923076923 0.06971153846153846
0 0.7475961538461539 0.8413461538461539 0.16466346153846154 0.1310096153846154
0 0.7295673076923077 0.0985576923076923 0.08173076923076923 0.052884615384615384
0 0.8689903846153846 0.9338942307692307 0.05889423076923077 0.12259615384615384
0 0.8004807692307693 0.9459134615384616 0.05889423076923077 0.06370192307692307
0 0.1935096153846154 0.13581730769230768 0.0673076923076923 0.13581730769230768
0 0.7788461538461539 0.1935096153846154 0.055288461538461536 0.07572115384615384
0 0.28846153846153844 0.24759615384615385 0.08774038461538461 0.13581730769230768
0 0.8233173076923077 0.2848557692307692 0.037259615384615384 0.052884615384615384
0 0.3737980769230769 0.3545673076923077 0.06009615384615385 0.15144230769230768
0 0.4651442307692308 0.48197115384615385 0.09134615384615384 0.16826923076923078
0 0.5588942307692307 0.5889423076923077 0.06490384615384616 0.22956730769230768