2 0.3737980769230769 0.28966346153846156 0.14423076923076922 0.028846153846153848
2 0.4879807692307692 0.2932692307692308 0.05889423076923077 0.052884615384615384
2 0.5072115384615384 0.3545673076923077 0.09735576923076923 0.027644230769230768
2 0.4230769230769231 0.3858173076923077 0.14903846153846154 0.027644230769230768
2 0.5673076923076923 0.4362980769230769 0.1622596153846154 0.054086538461538464
2 0.3557692307692308 0.47115384615384615 0.125 0.026442307692307692
2 0.5360576923076923 0.4963942307692308 0.17307692307692307 0.054086538461538464
2 0.7355769230769231 0.5108173076923077 0.12259615384615384 0.021634615384615384
2 0.19951923076923078 0.055288461538461536 0.10697115384615384 0.03245192307692308
2 0.6141826923076923 0.5456730769230769 0.11057692307692307 0.036057692307692304
2 0.5504807692307693 0.6033653846153846 0.15745192307692307 0.037259615384615384
2 0.6911057692307693 0.6538461538461539 0.14423076923076922 0.04567307692307692
2 0.6875 0.7175480769230769 0.23918269230769232 0.03485576923076923
2 0.9050480769230769 0.7788461538461539 0.15144230769230768 0.056490384615384616
2 0.875 0.8461538461538461 0.24519230769230768 0.0673076923076923
2 0.2824519230769231 0.09014423076923077 0.17307692307692307 0.03365384615384615
2 0.96875 0.90625 0.057692307692307696 0.04326923076923077
2 0.36778846153846156 0.13341346153846154 0.18629807692307693 0.03365384615384615
2 0.328125 0.17548076923076922 0.17067307692307693 0.030048076923076924
2 0.5240384615384616 0.1935096153846154 0.11298076923076923 0.02283653846153846
2 0.4230769230769231 0.23197115384615385 0.1875 0.036057692307692304