2 0.23918269230769232 0.39663461538461536 0.07211538461538461 0.026442307692307692
2 0.2403846153846154 0.48197115384615385 0.15745192307692307 0.11778846153846154
2 0.26322115384615385 0.6189903846153846 0.15865384615384615 0.12980769230769232
2 0.9182692307692307 0.7403846153846154 0.054086538461538464 0.042067307692307696
2 0.8870192307692307 0.7920673076923077 0.037259615384615384 0.04927884615384615
2 0.2512019230769231 0.8449519230769231 0.15985576923076922 0.2932692307692308
2 0.8629807692307693 0.8521634615384616 0.06129807692307692 0.0625
2 0.8197115384615384 0.9158653846153846 0.05889423076923077 0.04807692307692308
2 0.7824519230769231 0.9795673076923077 0.06850961538461539 0.039663461538461536
2 0.6021634615384616 0.2860576923076923 0.0673076923076923 0.04326923076923077
2 0.5300480769230769 0.2932692307692308 0.051682692307692304 0.03125
2 0.515625 0.34134615384615385 0.057692307692307696 0.046875
2 0.4182692307692308 0.36177884615384615 0.10817307692307693 0.052884615384615384