2 0.9567307692307693 0.2704326923076923 0.08173076923076923 0.10336538461538461
2 0.8762019230769231 0.3245192307692308 0.06610576923076923 0.055288461538461536
2 0.7980769230769231 0.36778846153846156 0.06610576923076923 0.06610576923076923
2 0.6947115384615384 0.39903846153846156 0.109375 0.04567307692307692
2 0.6694711538461539 0.4519230769230769 0.21995192307692307 0.037259615384615384
2 0.6766826923076923 0.5408653846153846 0.04567307692307692 0.13581730769230768
2 0.5793269230769231 0.5528846153846154 0.125 0.1622596153846154
2 0.4723557692307692 0.6045673076923077 0.09134615384615384 0.15625
2 0.36658653846153844 0.6730769230769231 0.08052884615384616 0.1502403846153846
2 0.46153846153846156 0.7019230769230769 0.078125 0.021634615384615384
2 0.27163461538461536 0.7403846153846154 0.1045673076923077 0.16826923076923078
2 0.1658653846153846 0.7992788461538461 0.08533653846153846 0.1141826923076923
2 0.052884615384615384 0.8040865384615384 0.09975961538461539 0.0889423076923077
2 0.9591346153846154 0.13942307692307693 0.055288461538461536 0.06370192307692307