2 0.1310096153846154 0.22716346153846154 0.057692307692307696 0.07692307692307693
2 0.765625 0.2548076923076923 0.125 0.08533653846153846
2 0.6298076923076923 0.31850961538461536 0.06850961538461539 0.04326923076923077
2 0.6634615384615384 0.3786057692307692 0.13581730769230768 0.051682692307692304
2 0.5 0.40625 0.07692307692307693 0.06490384615384616
2 0.02403846153846154 0.5036057692307693 0.040865384615384616 0.09975961538461539
2 0.5588942307692307 0.5084134615384616 0.12139423076923077 0.0625
2 0.4050480769230769 0.53125 0.15504807692307693 0.051682692307692304
2 0.41947115384615385 0.6117788461538461 0.1935096153846154 0.0673076923076923
2 0.016826923076923076 0.6454326923076923 0.03365384615384615 0.06971153846153846
2 0.20192307692307693 0.6526442307692307 0.14783653846153846 0.06490384615384616
2 0.35697115384615385 0.7439903846153846 0.078125 0.06009615384615385
2 0.9435096153846154 0.07572115384615384 0.07932692307692307 0.040865384615384616
2 0.21634615384615385 0.7644230769230769 0.10576923076923077 0.078125
2 0.08413461538461539 0.7704326923076923 0.12980769230769232 0.10576923076923077
2 0.21153846153846154 0.8641826923076923 0.10697115384615384 0.07692307692307693
2 0.07572115384615384 0.8894230769230769 0.13221153846153846 0.109375
2 0.8545673076923077 0.16826923076923078 0.1466346153846154 0.06129807692307692