2 0.30288461538461536 0.16105769230769232 0.078125 0.056490384615384616
2 0.3954326923076923 0.16706730769230768 0.0733173076923077 0.05889423076923077
2 0.5168269230769231 0.18028846153846154 0.0889423076923077 0.0625
2 0.6105769230769231 0.18269230769230768 0.054086538461538464 0.040865384615384616
2 0.5168269230769231 0.2692307692307692 0.09375 0.08653846153846154
2 0.5 0.028846153846153848 0.18629807692307693 0.057692307692307696
2 0.35096153846153844 0.3125 0.17307692307692307 0.06971153846153846
2 0.4387019230769231 0.390625 0.078125 0.0673076923076923
2 0.3173076923076923 0.40625 0.04567307692307692 0.03245192307692308
2 0.4110576923076923 0.47475961538461536 0.06971153846153846 0.07091346153846154
2 0.31971153846153844 0.5072115384615384 0.09375 0.07211538461538461
2 0.3076923076923077 0.5721153846153846 0.04447115384615385 0.015625
2 0.4074519230769231 0.5865384615384616 0.057692307692307696 0.08173076923076923
2 0.2860576923076923 0.6081730769230769 0.0673076923076923 0.039663461538461536
2 0.3449519230769231 0.6694711538461539 0.10336538461538461 0.057692307692307696
2 0.3449519230769231 0.7608173076923077 0.1466346153846154 0.08653846153846154
2 0.20432692307692307 0.8870192307692307 0.09735576923076923 0.04807692307692308
2 0.6454326923076923 0.1045673076923077 0.027644230769230768 0.020432692307692308
2 0.6033653846153846 0.109375 0.03485576923076923 0.036057692307692304