2 0.5841346153846154 0.75 0.15745192307692307 0.0733173076923077
2 0.4266826923076923 0.7992788461538461 0.11057692307692307 0.06370192307692307
2 0.5817307692307693 0.09014423076923077 0.15264423076923078 0.10697115384615384
2 0.38100961538461536 0.12259615384615384 0.16466346153846154 0.09134615384615384
2 0.5913461538461539 0.20793269230769232 0.09014423076923077 0.0673076923076923
2 0.28966346153846156 0.25240384615384615 0.10096153846153846 0.07091346153846154
2 0.6442307692307693 0.30408653846153844 0.13942307692307693 0.07091346153846154
2 0.8341346153846154 0.34615384615384615 0.08052884615384616 0.057692307692307696
2 0.3004807692307692 0.3485576923076923 0.14423076923076922 0.10096153846153846
2 0.31850961538461536 0.4579326923076923 0.1346153846153846 0.09134615384615384
2 0.3425480769230769 0.5685096153846154 0.13822115384615385 0.0889423076923077
2 0.6442307692307693 0.6526442307692307 0.13942307692307693 0.08413461538461539
2 0.3870192307692308 0.6923076923076923 0.14302884615384615 0.06490384615384616