3 0.19471153846153846 0.25600961538461536 0.052884615384615384 0.052884615384615384
3 0.04326923076923077 0.2920673076923077 0.07932692307692307 0.3293269230769231
3 0.2608173076923077 0.30288461538461536 0.04807692307692308 0.08173076923076923
3 0.32572115384615385 0.3485576923076923 0.04927884615384615 0.06850961538461539
3 0.12740384615384615 0.359375 0.06971153846153846 0.3545673076923077
3 0.20192307692307693 0.3894230769230769 0.04807692307692308 0.06610576923076923
3 0.3954326923076923 0.3894230769230769 0.052884615384615384 0.05889423076923077
3 0.4639423076923077 0.4543269230769231 0.056490384615384616 0.0985576923076923
3 0.5324519230769231 0.5084134615384616 0.06009615384615385 0.09615384615384616
3 0.28846153846153844 0.5240384615384616 0.23317307692307693 0.1875
3 0.703125 0.5985576923076923 0.07091346153846154 0.07932692307692307
3 0.7824519230769231 0.6454326923076923 0.056490384615384616 0.06129807692307692
3 0.33052884615384615 0.6502403846153846 0.14423076923076922 0.042067307692307696
3 0.8401442307692307 0.6538461538461539 0.025240384615384616 0.038461538461538464
3 0.515625 0.6959134615384616 0.19471153846153846 0.22596153846153846
3 0.36658653846153844 0.7163461538461539 0.07932692307692307 0.07211538461538461
3 0.7668269230769231 0.8028846153846154 0.2668269230769231 0.2247596153846154