4 0.9411057692307693 0.12259615384615384 0.11298076923076923 0.038461538461538464
4 0.7788461538461539 0.13942307692307693 0.11298076923076923 0.02403846153846154
4 0.6814903846153846 0.18269230769230768 0.10817307692307693 0.02283653846153846
4 0.8810096153846154 0.18509615384615385 0.13341346153846154 0.039663461538461536
4 0.5180288461538461 0.18990384615384615 0.07572115384615384 0.03125
4 0.6923076923076923 0.21634615384615385 0.11298076923076923 0.02283653846153846
4 0.453125 0.23076923076923078 0.11298076923076923 0.025240384615384616
4 0.8473557692307693 0.30528846153846156 0.14423076923076922 0.042067307692307696
4 0.4098557692307692 0.3137019230769231 0.12379807692307693 0.054086538461538464
4 0.8112980769230769 0.36177884615384615 0.17908653846153846 0.036057692307692304
4 0.3293269230769231 0.3641826923076923 0.10336538461538461 0.03485576923076923
4 0.5492788461538461 0.37740384615384615 0.07572115384615384 0.027644230769230768
4 0.2620192307692308 0.47836538461538464 0.10817307692307693 0.02403846153846154
4 0.5228365384615384 0.5096153846153846 0.13341346153846154 0.039663461538461536
4 0.203125 0.5192307692307693 0.0829326923076923 0.030048076923076924
4 0.3269230769230769 0.5637019230769231 0.09735576923076923 0.02403846153846154
4 0.6394230769230769 0.057692307692307696 0.1310096153846154 0.025240384615384616
4 0.6153846153846154 0.5841346153846154 0.19230769230769232 0.04326923076923077
4 0.9447115384615384 0.06009615384615385 0.10576923076923077 0.03365384615384615
4 0.5228365384615384 0.10697115384615384 0.10216346153846154 0.037259615384615384