2 0.8810096153846154 0.3233173076923077 0.1141826923076923 0.04447115384615385
2 0.8112980769230769 0.35216346153846156 0.13701923076923078 0.03365384615384615
2 0.38100961538461536 0.38100961538461536 0.2283653846153846 0.07932692307692307
2 0.7415865384615384 0.4182692307692308 0.16346153846153846 0.07211538461538461
2 0.30288461538461536 0.4891826923076923 0.20793269230769232 0.09615384615384616
2 0.6033653846153846 0.5072115384615384 0.1622596153846154 0.07572115384615384
2 0.23557692307692307 0.5793269230769231 0.18870192307692307 0.10096153846153846
2 0.5528846153846154 0.5889423076923077 0.19230769230769232 0.08653846153846154
2 0.27524038461538464 0.6911057692307693 0.48197115384615385 0.09615384615384616
2 0.36538461538461536 0.7944711538461539 0.13822115384615385 0.08413461538461539
2 0.13341346153846154 0.8762019230769231 0.24639423076923078 0.2439903846153846
2 0.33533653846153844 0.9014423076923077 0.11057692307692307 0.07692307692307693
2 0.9314903846153846 0.9278846153846154 0.07932692307692307 0.0889423076923077
2 0.5204326923076923 0.14543269230769232 0.17307692307692307 0.0889423076923077
2 0.4651442307692308 0.21754807692307693 0.1935096153846154 0.0625
2 0.9567307692307693 0.25841346153846156 0.08173076923076923 0.040865384615384616
2 0.6322115384615384 0.03245192307692308 0.125 0.037259615384615384
2 0.4735576923076923 0.2956730769230769 0.25961538461538464 0.05889423076923077