2 0.12259615384615384 0.14182692307692307 0.15384615384615385 0.02403846153846154
2 0.2439903846153846 0.1502403846153846 0.07091346153846154 0.018028846153846152
2 0.26802884615384615 0.18870192307692307 0.11298076923076923 0.04567307692307692
2 0.4050480769230769 0.21875 0.16105769230769232 0.018028846153846152
2 0.2403846153846154 0.25721153846153844 0.07091346153846154 0.02403846153846154
2 0.1971153846153846 0.2824519230769231 0.18629807692307693 0.013221153846153846
2 0.3762019230769231 0.3161057692307692 0.06850961538461539 0.030048076923076924
2 0.5120192307692307 0.35096153846153844 0.18269230769230768 0.03245192307692308
2 0.052884615384615384 0.037259615384615384 0.0733173076923077 0.02403846153846154
2 0.3713942307692308 0.41225961538461536 0.10096153846153846 0.015625
2 0.06129807692307692 0.421875 0.11538461538461539 0.046875
2 0.5997596153846154 0.47836538461538464 0.11778846153846154 0.019230769230769232
2 0.22355769230769232 0.49158653846153844 0.09375 0.06129807692307692
2 0.5240384615384616 0.5204326923076923 0.09014423076923077 0.025240384615384616
2 0.5168269230769231 0.5600961538461539 0.06129807692307692 0.027644230769230768
2 0.2091346153846154 0.5612980769230769 0.14543269230769232 0.0673076923076923
2 0.6959134615384616 0.5685096153846154 0.12980769230769232 0.026442307692307692
2 0.6526442307692307 0.6334134615384616 0.057692307692307696 0.04326923076923077
2 0.10697115384615384 0.06490384615384616 0.09254807692307693 0.016826923076923076
2 0.34615384615384615 0.65625 0.09375 0.027644230769230768
2 0.7463942307692307 0.6766826923076923 0.07932692307692307 0.027644230769230768
2 0.35697115384615385 0.6935096153846154 0.08653846153846154 0.036057692307692304
2 0.8942307692307693 0.7355769230769231 0.14423076923076922 0.025240384615384616
2 0.4723557692307692 0.7379807692307693 0.07451923076923077 0.028846153846153848
2 0.44591346153846156 0.7764423076923077 0.08653846153846154 0.037259615384615384
2 0.9302884615384616 0.7860576923076923 0.13701923076923078 0.037259615384615384
2 0.5108173076923077 0.8149038461538461 0.12139423076923077 0.03485576923076923
2 0.5372596153846154 0.8605769230769231 0.14423076923076922 0.018028846153846152
2 0.6201923076923077 0.8870192307692307 0.15384615384615385 0.018028846153846152
2 0.7091346153846154 0.9170673076923077 0.1502403846153846 0.02403846153846154
2 0.12740384615384615 0.10216346153846154 0.0829326923076923 0.046875