0 0.30288461538461536 0.8040865384615384 0.33413461538461536 0.06850961538461539
0 0.05889423076923077 0.8112980769230769 0.11658653846153846 0.06129807692307692
0 0.7055288461538461 0.8353365384615384 0.2920673076923077 0.1045673076923077
0 0.39903846153846156 0.8689903846153846 0.038461538461538464 0.02283653846153846
0 0.19230769230769232 0.8966346153846154 0.3401442307692308 0.078125
0 0.5372596153846154 0.9411057692307693 0.20552884615384615 0.06129807692307692
0 0.30288461538461536 0.9579326923076923 0.0889423076923077 0.030048076923076924
0 0.5985576923076923 0.1141826923076923 0.18509615384615385 0.17908653846153846
0 0.8485576923076923 0.15504807692307693 0.2620192307692308 0.16346153846153846
0 0.453125 0.17307692307692307 0.06850961538461539 0.09735576923076923
0 0.37740384615384615 0.24639423076923078 0.052884615384615384 0.04807692307692308
0 0.6225961538461539 0.26802884615384615 0.15504807692307693 0.09495192307692307
0 0.47475961538461536 0.29086538461538464 0.09254807692307693 0.09735576923076923
0 0.8221153846153846 0.30288461538461536 0.21394230769230768 0.07211538461538461
0 0.3581730769230769 0.32572115384615385 0.0985576923076923 0.0889423076923077
0 0.6382211538461539 0.39903846153846156 0.3605769230769231 0.078125
0 0.3485576923076923 0.43149038461538464 0.17548076923076922 0.08052884615384616
0 0.6177884615384616 0.5012019230769231 0.3004807692307692 0.078125
0 0.30408653846153844 0.5288461538461539 0.27163461538461536 0.07211538461538461
0 0.5564903846153846 0.5877403846153846 0.17307692307692307 0.06129807692307692
0 0.2848557692307692 0.6286057692307693 0.34615384615384615 0.09735576923076923
0 0.859375 0.6550480769230769 0.12740384615384615 0.06850961538461539
0 0.5336538461538461 0.6586538461538461 0.0985576923076923 0.051682692307692304
0 0.07572115384615384 0.6706730769230769 0.040865384615384616 0.04326923076923077
0 0.3293269230769231 0.7223557692307693 0.40625 0.06490384615384616
0 0.06370192307692307 0.7367788461538461 0.09495192307692307 0.056490384615384616
0 0.7836538461538461 0.7391826923076923 0.15504807692307693 0.057692307692307696