4 0.6442307692307693 0.2776442307692308 0.2127403846153846 0.051682692307692304
4 0.47475961538461536 0.38822115384615385 0.43990384615384615 0.10697115384615384
4 0.3449519230769231 0.040865384615384616 0.5709134615384616 0.07451923076923077
4 0.6057692307692307 0.5552884615384616 0.3173076923076923 0.1622596153846154
4 0.3233173076923077 0.5793269230769231 0.15504807692307693 0.07211538461538461
4 0.28365384615384615 0.7091346153846154 0.30528846153846156 0.16466346153846154
4 0.6189903846153846 0.7247596153846154 0.2860576923076923 0.13581730769230768
4 0.22115384615384615 0.8533653846153846 0.14543269230769232 0.12740384615384615
4 0.6550480769230769 0.8641826923076923 0.234375 0.1141826923076923
4 0.38221153846153844 0.8774038461538461 0.19951923076923078 0.09134615384615384
4 0.5348557692307693 0.9711538461538461 0.4182692307692308 0.056490384615384616
4 0.6045673076923077 0.15384615384615385 0.15144230769230768 0.06971153846153846
4 0.27163461538461536 0.20432692307692307 0.421875 0.19951923076923078