4 0.3233173076923077 0.1622596153846154 0.11177884615384616 0.03125
4 0.6622596153846154 0.17307692307692307 0.1310096153846154 0.042067307692307696
4 0.6526442307692307 0.2091346153846154 0.1310096153846154 0.015625
4 0.3076923076923077 0.21514423076923078 0.16105769230769232 0.03365384615384615
4 0.43990384615384615 0.02283653846153846 0.09254807692307693 0.03485576923076923
4 0.25961538461538464 0.27403846153846156 0.07451923076923077 0.055288461538461536
4 0.6466346153846154 0.2956730769230769 0.1502403846153846 0.08653846153846154
4 0.34375 0.3125 0.06009615384615385 0.021634615384615384
4 0.2536057692307692 0.32211538461538464 0.0733173076923077 0.026442307692307692
4 0.21514423076923078 0.03485576923076923 0.06850961538461539 0.021634615384615384
4 0.35096153846153844 0.36538461538461536 0.12620192307692307 0.02403846153846154
4 0.3894230769230769 0.4026442307692308 0.12259615384615384 0.03365384615384615
4 0.6923076923076923 0.42427884615384615 0.09975961538461539 0.08413461538461539
4 0.35336538461538464 0.46274038461538464 0.09014423076923077 0.037259615384615384
4 0.27283653846153844 0.5108173076923077 0.09134615384615384 0.03125
4 0.7175480769230769 0.5192307692307693 0.12980769230769232 0.03485576923076923
4 0.38822115384615385 0.5564903846153846 0.08533653846153846 0.01201923076923077
4 0.7271634615384616 0.5853365384615384 0.10817307692307693 0.037259615384615384
4 0.36658653846153844 0.5973557692307693 0.09615384615384616 0.03125
4 0.33052884615384615 0.6490384615384616 0.09615384615384616 0.028846153846153848
4 0.7824519230769231 0.7079326923076923 0.11778846153846154 0.052884615384615384
4 0.3858173076923077 0.7487980769230769 0.09615384615384616 0.019230769230769232
4 0.6141826923076923 0.07692307692307693 0.09495192307692307 0.036057692307692304
4 0.8052884615384616 0.78125 0.12259615384615384 0.04567307692307692
4 0.5576923076923077 0.8125 0.1045673076923077 0.03365384615384615
4 0.6454326923076923 0.9459134615384616 0.10817307692307693 0.02283653846153846
4 0.33413461538461536 0.9579326923076923 0.09134615384615384 0.0829326923076923
4 0.8353365384615384 0.9615384615384616 0.15384615384615385 0.07091346153846154
4 0.20192307692307693 0.09975961538461539 0.051682692307692304 0.01201923076923077
4 0.6237980769230769 0.1201923076923077 0.10336538461538461 0.03125