4 0.1141826923076923 0.2127403846153846 0.15504807692307693 0.09254807692307693
4 0.5372596153846154 0.2692307692307692 0.34375 0.07692307692307693
4 0.16947115384615385 0.3161057692307692 0.23677884615384615 0.08173076923076923
4 0.7247596153846154 0.3329326923076923 0.125 0.03245192307692308
4 0.6310096153846154 0.4014423076923077 0.20432692307692307 0.06610576923076923
4 0.24639423076923078 0.41586538461538464 0.37259615384615385 0.07572115384615384
4 0.8605769230769231 0.421875 0.12139423076923077 0.078125
4 0.1622596153846154 0.04807692307692308 0.15144230769230768 0.06490384615384616
4 0.7788461538461539 0.5216346153846154 0.34134615384615385 0.09134615384615384
4 0.3317307692307692 0.5348557692307693 0.4362980769230769 0.11057692307692307
4 0.8329326923076923 0.6418269230769231 0.2536057692307692 0.10216346153846154
4 0.45913461538461536 0.6550480769230769 0.4074519230769231 0.07932692307692307
4 0.9122596153846154 0.7127403846153846 0.1466346153846154 0.02403846153846154
4 0.6358173076923077 0.7391826923076923 0.2668269230769231 0.07572115384615384
4 0.9543269230769231 0.765625 0.09014423076923077 0.020432692307692308
4 0.44591346153846156 0.07932692307692307 0.2127403846153846 0.08413461538461539
4 0.4723557692307692 0.828125 0.16947115384615385 0.0673076923076923
4 0.9543269230769231 0.8293269230769231 0.09014423076923077 0.03125
4 0.7740384615384616 0.8389423076923077 0.27403846153846156 0.06129807692307692
4 0.7427884615384616 0.9014423076923077 0.5048076923076923 0.039663461538461536
4 0.7596153846153846 0.9579326923076923 0.4795673076923077 0.054086538461538464
4 0.037259615384615384 0.12860576923076922 0.06129807692307692 0.040865384615384616
4 0.6189903846153846 0.1778846153846154 0.109375 0.05889423076923077
4 0.40865384615384615 0.1778846153846154 0.12620192307692307 0.06009615384615385