0 0.3894230769230769 0.30408653846153844 0.4098557692307692 0.0829326923076923
0 0.5769230769230769 0.421875 0.2608173076923077 0.055288461538461536
0 0.23918269230769232 0.47115384615384615 0.2548076923076923 0.057692307692307696
0 0.7475961538461539 0.5829326923076923 0.47115384615384615 0.17548076923076922
0 0.35216346153846156 0.6286057692307693 0.18629807692307693 0.08173076923076923
0 0.2536057692307692 0.7584134615384616 0.2860576923076923 0.056490384615384616
0 0.9134615384615384 0.8125 0.16826923076923078 0.11538461538461539
0 0.40625 0.8617788461538461 0.3112980769230769 0.06129807692307692
0 0.39302884615384615 0.9447115384615384 0.21033653846153846 0.054086538461538464
0 0.7872596153846154 0.9783653846153846 0.34615384615384615 0.038461538461538464
0 0.15144230769230768 0.16706730769230768 0.17668269230769232 0.057692307692307696