4 0.546875 0.41225961538461536 0.12379807692307693 0.038461538461538464
4 0.8605769230769231 0.4206730769230769 0.13701923076923078 0.051682692307692304
4 0.3233173076923077 0.45913461538461536 0.2091346153846154 0.13701923076923078
4 0.5733173076923077 0.49158653846153844 0.10817307692307693 0.055288461538461536
4 0.8653846153846154 0.49399038461538464 0.20072115384615385 0.046875
4 0.6298076923076923 0.5637019230769231 0.23557692307692307 0.056490384615384616
4 0.3389423076923077 0.5805288461538461 0.203125 0.0829326923076923
4 0.8425480769230769 0.6153846153846154 0.19471153846153846 0.04807692307692308
4 0.6009615384615384 0.6286057692307693 0.1502403846153846 0.04567307692307692
4 0.3269230769230769 0.7295673076923077 0.0829326923076923 0.054086538461538464
4 0.7596153846153846 0.7367788461538461 0.1622596153846154 0.04326923076923077
4 0.5252403846153846 0.7620192307692307 0.2403846153846154 0.04447115384615385
4 0.2548076923076923 0.7920673076923077 0.12620192307692307 0.051682692307692304
4 0.19110576923076922 0.8617788461538461 0.14543269230769232 0.04927884615384615
4 0.15264423076923078 0.9423076923076923 0.17548076923076922 0.052884615384615384
4 0.8834134615384616 0.1141826923076923 0.1971153846153846 0.18028846153846154
4 0.5576923076923077 0.19230769230769232 0.38461538461538464 0.35216346153846156
4 0.9447115384615384 0.27524038461538464 0.10576923076923077 0.08413461538461539
4 0.8112980769230769 0.3076923076923077 0.08052884615384616 0.14903846153846154
4 0.2620192307692308 0.34375 0.12740384615384615 0.08052884615384616
4 0.9326923076923077 0.3557692307692308 0.09375 0.052884615384615384