2 0.32091346153846156 0.24278846153846154 0.38822115384615385 0.07211538461538461
2 0.39302884615384615 0.33413461538461536 0.4423076923076923 0.07572115384615384
2 0.41225961538461536 0.4206730769230769 0.36177884615384615 0.08173076923076923
2 0.47475961538461536 0.5084134615384616 0.4338942307692308 0.07211538461538461
2 0.5384615384615384 0.6081730769230769 0.3737980769230769 0.08774038461538461
2 0.6021634615384616 0.6935096153846154 0.34134615384615385 0.06610576923076923
2 0.6574519230769231 0.7800480769230769 0.3701923076923077 0.0733173076923077
2 0.6766826923076923 0.8677884615384616 0.19951923076923078 0.07692307692307693
2 0.7680288461538461 0.9567307692307693 0.2620192307692308 0.06370192307692307
2 0.17067307692307693 0.10576923076923077 0.1778846153846154 0.06370192307692307
2 0.3942307692307692 0.1658653846153846 0.16105769230769232 0.040865384615384616