3 0.17067307692307693 0.2091346153846154 0.14423076923076922 0.40024038461538464
3 0.296875 0.2920673076923077 0.08052884615384616 0.3425480769230769
3 0.39663461538461536 0.3737980769230769 0.08774038461538461 0.18509615384615385
3 0.20072115384615385 0.4387019230769231 0.08653846153846154 0.038461538461538464
3 0.29927884615384615 0.5180288461538461 0.16826923076923078 0.07692307692307693
3 0.484375 0.5997596153846154 0.12379807692307693 0.2127403846153846
3 0.3557692307692308 0.6262019230769231 0.11658653846153846 0.10336538461538461
3 0.5961538461538461 0.6959134615384616 0.06129807692307692 0.2692307692307692
3 0.4567307692307692 0.7572115384615384 0.10817307692307693 0.0673076923076923
3 0.7728365384615384 0.8918269230769231 0.12259615384615384 0.21153846153846154
3 0.6586538461538461 0.9254807692307693 0.06971153846153846 0.14783653846153846