2 0.7632211538461539 0.23798076923076922 0.34975961538461536 0.08413461538461539
2 0.8870192307692307 0.3125 0.10216346153846154 0.040865384615384616
2 0.5084134615384616 0.328125 0.14783653846153846 0.04447115384615385
2 0.75 0.375 0.10216346153846154 0.11177884615384616
2 0.4879807692307692 0.38341346153846156 0.3173076923076923 0.027644230769230768
2 0.4579326923076923 0.43028846153846156 0.2692307692307692 0.038461538461538464
2 0.5372596153846154 0.48677884615384615 0.3088942307692308 0.046875
2 0.8737980769230769 0.054086538461538464 0.24759615384615385 0.03125
2 0.3737980769230769 0.5516826923076923 0.44350961538461536 0.057692307692307696
2 0.2956730769230769 0.6201923076923077 0.4230769230769231 0.04807692307692308
2 0.18389423076923078 0.6887019230769231 0.30288461538461536 0.06490384615384616
2 0.13942307692307693 0.7644230769230769 0.2776442307692308 0.055288461538461536
2 0.06850961538461539 0.8545673076923077 0.13701923076923078 0.07932692307692307
2 0.8737980769230769 0.14182692307692307 0.24759615384615385 0.0673076923076923