2 0.31971153846153844 0.3076923076923077 0.20432692307692307 0.046875
2 0.4326923076923077 0.36177884615384615 0.24278846153846154 0.046875
2 0.4639423076923077 0.41947115384615385 0.2644230769230769 0.06009615384615385
2 0.515625 0.46634615384615385 0.2283653846153846 0.046875
2 0.5552884615384616 0.5252403846153846 0.21995192307692307 0.051682692307692304
2 0.6129807692307693 0.5817307692307693 0.18509615384615385 0.04326923076923077
2 0.16706730769230768 0.6310096153846154 0.10817307692307693 0.039663461538461536
2 0.6298076923076923 0.6346153846153846 0.19831730769230768 0.046875
2 0.34134615384615385 0.6598557692307693 0.25841346153846156 0.037259615384615384
2 0.5709134615384616 0.6706730769230769 0.11298076923076923 0.020432692307692308
2 0.7079326923076923 0.6899038461538461 0.078125 0.040865384615384616
2 0.5408653846153846 0.7067307692307693 0.23197115384615385 0.04927884615384615
2 0.7956730769230769 0.7379807692307693 0.16346153846153846 0.038461538461538464
2 0.625 0.7668269230769231 0.11177884615384616 0.04447115384615385
2 0.7872596153846154 0.7848557692307693 0.14783653846153846 0.046875
2 0.5192307692307693 0.7908653846153846 0.078125 0.036057692307692304
2 0.5997596153846154 0.8629807692307693 0.07932692307692307 0.038461538461538464
2 0.90625 0.8798076923076923 0.18269230769230768 0.11057692307692307
2 0.16947115384615385 0.1045673076923077 0.17908653846153846 0.039663461538461536
2 0.23798076923076922 0.15504807692307693 0.16466346153846154 0.03245192307692308
2 0.22596153846153846 0.19230769230769232 0.07692307692307693 0.03125
2 0.2800480769230769 0.24879807692307693 0.16826923076923078 0.05889423076923077