1 0.8786057692307693 0.3401442307692308 0.05889423076923077 0.028846153846153848
1 0.7740384615384616 0.3557692307692308 0.11658653846153846 0.055288461538461536
1 0.75 0.41346153846153844 0.0625 0.040865384615384616
1 0.5180288461538461 0.41346153846153844 0.17067307692307693 0.3161057692307692
1 0.2704326923076923 0.4387019230769231 0.052884615384615384 0.046875
1 0.23677884615384615 0.5504807692307693 0.11658653846153846 0.15264423076923078
1 0.359375 0.5552884615384616 0.09254807692307693 0.3870192307692308
1 0.12259615384615384 0.5685096153846154 0.07091346153846154 0.11538461538461539
1 0.4807692307692308 0.6117788461538461 0.11899038461538461 0.04447115384615385
1 0.44350961538461536 0.6646634615384616 0.05889423076923077 0.030048076923076924
1 0.15865384615384615 0.6658653846153846 0.2692307692307692 0.04326923076923077
1 0.9459134615384616 0.7367788461538461 0.10336538461538461 0.24759615384615385
1 0.71875 0.07692307692307693 0.028846153846153848 0.056490384615384616
1 0.2247596153846154 0.7872596153846154 0.0889423076923077 0.16706730769230768
1 0.3173076923076923 0.7920673076923077 0.052884615384615384 0.06129807692307692
1 0.8401442307692307 0.8185096153846154 0.07932692307692307 0.23677884615384615
1 0.08413461538461539 0.8473557692307693 0.16105769230769232 0.29086538461538464
1 0.9242788461538461 0.8810096153846154 0.04927884615384615 0.020432692307692308
1 0.7475961538461539 0.8882211538461539 0.08653846153846154 0.21875
1 0.20192307692307693 0.9050480769230769 0.052884615384615384 0.04807692307692308
1 0.6382211538461539 0.9170673076923077 0.09375 0.16105769230769232
1 0.19230769230769232 0.9567307692307693 0.02403846153846154 0.036057692307692304
1 0.9050480769230769 0.12379807692307693 0.18509615384615385 0.23317307692307693
1 0.7692307692307693 0.125 0.055288461538461536 0.22596153846153846
1 0.5612980769230769 0.21634615384615385 0.08533653846153846 0.054086538461538464
1 0.9627403846153846 0.2644230769230769 0.03245192307692308 0.028846153846153848
1 0.8317307692307693 0.2824519230769231 0.2127403846153846 0.0673076923076923
1 0.6622596153846154 0.29927884615384615 0.08533653846153846 0.37740384615384615