2 0.6274038461538461 0.34975961538461536 0.051682692307692304 0.036057692307692304
2 0.5024038461538461 0.36538461538461536 0.16105769230769232 0.08052884615384616
2 0.43509615384615385 0.4723557692307692 0.171875 0.07451923076923077
2 0.47596153846153844 0.5300480769230769 0.12980769230769232 0.027644230769230768
2 0.8088942307692307 0.054086538461538464 0.06490384615384616 0.04326923076923077
2 0.3317307692307692 0.5709134615384616 0.125 0.04447115384615385
2 0.45552884615384615 0.5721153846153846 0.06610576923076923 0.040865384615384616
2 0.3112980769230769 0.6382211538461539 0.13701923076923078 0.07692307692307693
2 0.27524038461538464 0.703125 0.23918269230769232 0.04807692307692308
2 0.23918269230769232 0.7884615384615384 0.15865384615384615 0.09014423076923077
2 0.20432692307692307 0.921875 0.1814903846153846 0.14302884615384615
2 0.7247596153846154 0.14302884615384615 0.06490384615384616 0.06610576923076923
2 0.6814903846153846 0.21514423076923078 0.08413461538461539 0.054086538461538464
2 0.5564903846153846 0.29086538461538464 0.054086538461538464 0.036057692307692304