2 0.7992788461538461 0.24278846153846154 0.16826923076923078 0.05048076923076923
2 0.7956730769230769 0.30288461538461536 0.28846153846153844 0.05048076923076923
2 0.7692307692307693 0.35697115384615385 0.3641826923076923 0.039663461538461536
2 0.7872596153846154 0.39903846153846156 0.12980769230769232 0.025240384615384616
2 0.5745192307692307 0.40625 0.24278846153846154 0.03125
2 0.6586538461538461 0.4567307692307692 0.1141826923076923 0.04326923076923077
2 0.4855769230769231 0.4807692307692308 0.13701923076923078 0.09975961538461539
2 0.7211538461538461 0.5132211538461539 0.22596153846153846 0.040865384615384616
2 0.734375 0.055288461538461536 0.16706730769230768 0.06971153846153846
2 0.7247596153846154 0.5697115384615384 0.3173076923076923 0.051682692307692304
2 0.4891826923076923 0.6189903846153846 0.23076923076923078 0.025240384615384616
2 0.7199519230769231 0.6201923076923077 0.19471153846153846 0.03245192307692308
2 0.9086538461538461 0.06490384615384616 0.1814903846153846 0.06971153846153846
2 0.47596153846153844 0.6875 0.24639423076923078 0.08413461538461539
2 0.5552884615384616 0.7752403846153846 0.24759615384615385 0.0625
2 0.24879807692307693 0.7884615384615384 0.046875 0.039663461538461536
2 0.4495192307692308 0.8365384615384616 0.5048076923076923 0.038461538461538464
2 0.37740384615384615 0.890625 0.3762019230769231 0.05048076923076923
2 0.421875 0.9471153846153846 0.23557692307692307 0.03485576923076923
2 0.8149038461538461 0.11899038461538461 0.21514423076923078 0.025240384615384616
2 0.5444711538461539 0.12740384615384615 0.17067307692307693 0.08533653846153846
2 0.7620192307692307 0.16706730769230768 0.17908653846153846 0.0625