2 0.47716346153846156 0.47475961538461536 0.24759615384615385 0.078125
2 0.546875 0.5540865384615384 0.26802884615384615 0.056490384615384616
2 0.6129807692307693 0.609375 0.25961538461538464 0.040865384615384616
2 0.49278846153846156 0.6610576923076923 0.0829326923076923 0.046875
2 0.625 0.6682692307692307 0.09254807692307693 0.04927884615384615
2 0.6334134615384616 0.7355769230769231 0.12980769230769232 0.04807692307692308
2 0.6574519230769231 0.8040865384615384 0.11538461538461539 0.04807692307692308
2 0.7115384615384616 0.8569711538461539 0.12980769230769232 0.03365384615384615
2 0.7596153846153846 0.9158653846153846 0.09735576923076923 0.026442307692307692
2 0.27524038461538464 0.09975961538461539 0.11778846153846154 0.06009615384615385
2 0.3137019230769231 0.15985576923076922 0.1814903846153846 0.04326923076923077
2 0.3870192307692308 0.22716346153846154 0.2439903846153846 0.0733173076923077
2 0.41947115384615385 0.3112980769230769 0.2247596153846154 0.06610576923076923
2 0.45072115384615385 0.39302884615384615 0.21875 0.078125