4 0.29927884615384615 0.03245192307692308 0.3293269230769231 0.06490384615384616
4 0.4206730769230769 0.3137019230769231 0.3557692307692308 0.09975961538461539
4 0.44350961538461536 0.4230769230769231 0.4026442307692308 0.07211538461538461
4 0.49399038461538464 0.5024038461538461 0.36538461538461536 0.040865384615384616
4 0.5108173076923077 0.5757211538461539 0.32211538461538464 0.0625
4 0.515625 0.6694711538461539 0.35096153846153844 0.0889423076923077
4 0.5625 0.7620192307692307 0.3293269230769231 0.057692307692307696
4 0.6141826923076923 0.84375 0.35096153846153844 0.07451923076923077
4 0.6586538461538461 0.9387019230769231 0.30288461538461536 0.07572115384615384
4 0.5384615384615384 0.12139423076923077 0.1814903846153846 0.0733173076923077
4 0.47115384615384615 0.22235576923076922 0.3401442307692308 0.056490384615384616