3 0.046875 0.23197115384615385 0.057692307692307696 0.036057692307692304
3 0.0829326923076923 0.2776442307692308 0.057692307692307696 0.037259615384615384
3 0.6947115384615384 0.375 0.03485576923076923 0.06009615384615385
3 0.5276442307692307 0.41466346153846156 0.057692307692307696 0.08413461538461539
3 0.8930288461538461 0.4951923076923077 0.055288461538461536 0.03485576923076923
3 0.8161057692307693 0.5324519230769231 0.03485576923076923 0.03125
3 0.5564903846153846 0.5564903846153846 0.019230769230769232 0.039663461538461536
3 0.7379807692307693 0.5576923076923077 0.036057692307692304 0.021634615384615384
3 0.703125 0.5889423076923077 0.04567307692307692 0.03125
3 0.6598557692307693 0.6274038461538461 0.05048076923076923 0.025240384615384616
3 0.5865384615384616 0.6838942307692307 0.055288461538461536 0.036057692307692304
3 0.8737980769230769 0.7740384615384616 0.06971153846153846 0.040865384615384616
3 0.3641826923076923 0.12259615384615384 0.046875 0.12379807692307693
3 0.6550480769230769 0.21394230769230768 0.040865384615384616 0.027644230769230768