2 0.12379807692307693 0.26322115384615385 0.2247596153846154 0.055288461538461536
2 0.171875 0.3137019230769231 0.2668269230769231 0.030048076923076924
2 0.23076923076923078 0.35336538461538464 0.24639423076923078 0.026442307692307692
2 0.27283653846153844 0.39302884615384615 0.22596153846153846 0.039663461538461536
2 0.35216346153846156 0.4375 0.24879807692307693 0.03365384615384615
2 0.4206730769230769 0.47475961538461536 0.18389423076923078 0.028846153846153848
2 0.45552884615384615 0.5084134615384616 0.203125 0.02403846153846154
2 0.5144230769230769 0.5384615384615384 0.171875 0.021634615384615384
2 0.5372596153846154 0.5661057692307693 0.22956730769230768 0.03125
2 0.5889423076923077 0.6069711538461539 0.21033653846153846 0.037259615384615384
2 0.6682692307692307 0.6490384615384616 0.234375 0.03365384615384615
2 0.7199519230769231 0.6923076923076923 0.19110576923076922 0.027644230769230768
2 0.7860576923076923 0.7271634615384616 0.17908653846153846 0.025240384615384616
2 0.8052884615384616 0.7644230769230769 0.1201923076923077 0.019230769230769232
2 0.8713942307692307 0.7908653846153846 0.1622596153846154 0.016826923076923076
2 0.9314903846153846 0.8221153846153846 0.11538461538461539 0.018028846153846152
2 0.9543269230769231 0.8557692307692307 0.054086538461538464 0.020432692307692308
2 0.04326923076923077 0.13942307692307693 0.056490384615384616 0.030048076923076924
2 0.0625 0.203125 0.125 0.04927884615384615