4 0.010817307692307692 0.5841346153846154 0.020432692307692308 0.14182692307692307
4 0.9819711538461539 0.5853365384615384 0.020432692307692308 0.41586538461538464
4 0.47596153846153844 0.6430288461538461 0.140625 0.5552884615384616
4 0.7620192307692307 0.6418269230769231 0.22115384615384615 0.7115384615384616
4 0.9230769230769231 0.6622596153846154 0.08653846153846154 0.6706730769230769
4 0.5973557692307693 0.6899038461538461 0.08774038461538461 0.6189903846153846
4 0.28846153846153844 0.7295673076923077 0.22596153846153846 0.08173076923076923
4 0.44471153846153844 0.1814903846153846 0.06129807692307692 0.29086538461538464
4 0.5168269230769231 0.1875 0.05048076923076923 0.22235576923076922
4 0.5649038461538461 0.1875 0.030048076923076924 0.12259615384615384
4 0.6177884615384616 0.27524038461538464 0.042067307692307696 0.1346153846153846
4 0.021634615384615384 0.3329326923076923 0.02403846153846154 0.17427884615384615
4 0.21634615384615385 0.3329326923076923 0.3545673076923077 0.6658653846153846