3 0.24639423076923078 0.140625 0.03365384615384615 0.036057692307692304
3 0.18269230769230768 0.20673076923076922 0.17067307692307693 0.04927884615384615
3 0.9050480769230769 0.3737980769230769 0.11057692307692307 0.6670673076923077
3 0.7776442307692307 0.47716346153846156 0.12740384615384615 0.6935096153846154
3 0.6394230769230769 0.5372596153846154 0.09975961538461539 0.7524038461538461
3 0.8305288461538461 0.054086538461538464 0.01201923076923077 0.07091346153846154
3 0.34975961538461536 0.5552884615384616 0.12620192307692307 0.8882211538461539
3 0.5048076923076923 0.5612980769230769 0.12139423076923077 0.7908653846153846
3 0.140625 0.5829326923076923 0.23677884615384615 0.6694711538461539
3 0.6201923076923077 0.07692307692307693 0.38100961538461536 0.078125
3 0.39903846153846156 0.07692307692307693 0.03125 0.03125
3 0.14903846153846154 0.9459134615384616 0.16826923076923078 0.04927884615384615