2 0.3954326923076923 0.12860576923076922 0.11778846153846154 0.03365384615384615
2 0.4519230769230769 0.17427884615384615 0.15264423076923078 0.06490384615384616
2 0.05889423076923077 0.22115384615384615 0.09375 0.03365384615384615
2 0.47115384615384615 0.25 0.13701923076923078 0.04567307692307692
2 0.07692307692307693 0.26802884615384615 0.11538461538461539 0.01201923076923077
2 0.2283653846153846 0.31850961538461536 0.1141826923076923 0.06009615384615385
2 0.6394230769230769 0.3317307692307692 0.14302884615384615 0.09254807692307693
2 0.34375 0.36658653846153844 0.09495192307692307 0.046875
2 0.27283653846153844 0.42427884615384615 0.20432692307692307 0.02283653846153846
2 0.2824519230769231 0.42427884615384615 0.19591346153846154 0.03125
2 0.7475961538461539 0.43149038461538464 0.2403846153846154 0.08653846153846154
2 0.4735576923076923 0.4651442307692308 0.0889423076923077 0.05048076923076923
2 0.4795673076923077 0.4699519230769231 0.07572115384615384 0.04326923076923077
2 0.4423076923076923 0.5144230769230769 0.1875 0.014423076923076924
2 0.41346153846153844 0.5204326923076923 0.12860576923076922 0.027644230769230768
2 0.8786057692307693 0.5540865384615384 0.17307692307692307 0.026442307692307692
2 0.9314903846153846 0.5889423076923077 0.13221153846153846 0.02403846153846154
2 0.6394230769230769 0.5913461538461539 0.10576923076923077 0.042067307692307696
2 0.47475961538461536 0.6430288461538461 0.2127403846153846 0.026442307692307692
2 0.65625 0.6766826923076923 0.07211538461538461 0.030048076923076924
2 0.8185096153846154 0.7163461538461539 0.14543269230769232 0.020432692307692308
2 0.6021634615384616 0.78125 0.09615384615384616 0.02283653846153846
2 0.7644230769230769 0.7980769230769231 0.1466346153846154 0.06370192307692307
2 0.23798076923076922 0.08173076923076923 0.12139423076923077 0.037259615384615384
2 0.9182692307692307 0.875 0.15865384615384615 0.08653846153846154
2 0.9483173076923077 0.9399038461538461 0.08653846153846154 0.03485576923076923