2 0.47836538461538464 0.5276442307692307 0.12379807692307693 0.052884615384615384
2 0.5420673076923077 0.5817307692307693 0.10576923076923077 0.030048076923076924
2 0.5588942307692307 0.6274038461538461 0.10216346153846154 0.042067307692307696
2 0.5540865384615384 0.6778846153846154 0.15625 0.05048076923076923
2 0.5865384615384616 0.7271634615384616 0.19230769230769232 0.03245192307692308
2 0.5817307692307693 0.7608173076923077 0.08173076923076923 0.019230769230769232
2 0.6742788461538461 0.7644230769230769 0.08413461538461539 0.02403846153846154
2 0.3545673076923077 0.23076923076923078 0.08413461538461539 0.07451923076923077
2 0.3894230769230769 0.3125 0.06009615384615385 0.04447115384615385
2 0.39663461538461536 0.3629807692307692 0.08774038461538461 0.036057692307692304
2 0.4519230769230769 0.4074519230769231 0.11298076923076923 0.040865384615384616
2 0.4651442307692308 0.46274038461538464 0.1310096153846154 0.057692307692307696