2 0.21875 0.5348557692307693 0.2620192307692308 0.06129807692307692
2 0.5096153846153846 0.057692307692307696 0.1045673076923077 0.052884615384615384
2 0.23197115384615385 0.6225961538461539 0.36177884615384615 0.06850961538461539
2 0.15625 0.7235576923076923 0.20793269230769232 0.06610576923076923
2 0.10336538461538461 0.7932692307692307 0.12980769230769232 0.052884615384615384
2 0.026442307692307692 0.8689903846153846 0.04447115384615385 0.057692307692307696
2 0.8040865384615384 0.1141826923076923 0.08653846153846154 0.038461538461538464
2 0.45552884615384615 0.140625 0.15985576923076922 0.06610576923076923
2 0.34375 0.15625 0.03125 0.030048076923076924
2 0.3713942307692308 0.21153846153846154 0.23918269230769232 0.054086538461538464
2 0.8137019230769231 0.26322115384615385 0.19591346153846154 0.2403846153846154
2 0.6189903846153846 0.026442307692307692 0.06370192307692307 0.040865384615384616
2 0.6394230769230769 0.2824519230769231 0.09134615384615384 0.046875
2 0.9567307692307693 0.3329326923076923 0.036057692307692304 0.06610576923076923
2 0.44591346153846156 0.3701923076923077 0.46033653846153844 0.10096153846153846
2 0.6237980769230769 0.4483173076923077 0.07572115384615384 0.03245192307692308
2 0.36658653846153844 0.45552884615384615 0.3942307692307692 0.0733173076923077