3 0.3954326923076923 0.30649038461538464 0.03365384615384615 0.07692307692307693
3 0.4579326923076923 0.3317307692307692 0.021634615384615384 0.04567307692307692
3 0.5108173076923077 0.41346153846153844 0.021634615384615384 0.04807692307692308
3 0.46875 0.4230769230769231 0.02283653846153846 0.04567307692307692
3 0.5072115384615384 0.4651442307692308 0.030048076923076924 0.040865384615384616
3 0.5324519230769231 0.5036057692307693 0.02403846153846154 0.027644230769230768
3 0.5673076923076923 0.5060096153846154 0.036057692307692304 0.09375
3 0.018028846153846152 0.5576923076923077 0.028846153846153848 0.21634615384615385
3 0.6165865384615384 0.5757211538461539 0.04447115384615385 0.10697115384615384
3 0.43990384615384615 0.5913461538461539 0.0889423076923077 0.15264423076923078
3 0.0889423076923077 0.6081730769230769 0.027644230769230768 0.04567307692307692
3 0.6658653846153846 0.6237980769230769 0.037259615384615384 0.0985576923076923
3 0.7067307692307693 0.6574519230769231 0.037259615384615384 0.08774038461538461
3 0.10096153846153846 0.6947115384615384 0.018028846153846152 0.036057692307692304
3 0.13822115384615385 0.7007211538461539 0.02403846153846154 0.055288461538461536
3 0.036057692307692304 0.7043269230769231 0.016826923076923076 0.028846153846153848
3 0.7872596153846154 0.7115384615384616 0.11057692307692307 0.18870192307692307
3 0.90625 0.7163461538461539 0.036057692307692304 0.0625
3 0.08413461538461539 0.7415865384615384 0.014423076923076924 0.03485576923076923
3 0.9483173076923077 0.7451923076923077 0.03365384615384615 0.06370192307692307
3 0.9879807692307693 0.7620192307692307 0.020432692307692308 0.046875
3 0.15745192307692307 0.7716346153846154 0.02403846153846154 0.04927884615384615
3 0.19110576923076922 0.8125 0.019230769230769232 0.046875
3 0.07211538461538461 0.8329326923076923 0.030048076923076924 0.030048076923076924
3 0.28125 0.8401442307692307 0.037259615384615384 0.04807692307692308
3 0.7776442307692307 0.8581730769230769 0.03125 0.06009615384615385
3 0.7223557692307693 0.8653846153846154 0.06129807692307692 0.06129807692307692
3 0.19951923076923078 0.8786057692307693 0.016826923076923076 0.040865384615384616
3 0.31490384615384615 0.90625 0.036057692307692304 0.039663461538461536
3 0.35096153846153844 0.9411057692307693 0.016826923076923076 0.027644230769230768
3 0.7259615384615384 0.9579326923076923 0.06129807692307692 0.07932692307692307
3 0.9735576923076923 0.9699519230769231 0.020432692307692308 0.046875
3 0.33413461538461536 0.984375 0.02403846153846154 0.026442307692307692
3 0.34615384615384615 0.24879807692307693 0.021634615384615384 0.06490384615384616