2 0.35096153846153844 0.35216346153846156 0.0889423076923077 0.07692307692307693
2 0.45552884615384615 0.3545673076923077 0.0829326923076923 0.06490384615384616
2 0.46033653846153844 0.4411057692307692 0.21394230769230768 0.0625
2 0.5216346153846154 0.5276442307692307 0.23317307692307693 0.07451923076923077
2 0.6754807692307693 0.5408653846153846 0.04447115384615385 0.05048076923076923
2 0.3581730769230769 0.05889423076923077 0.09134615384615384 0.042067307692307696
2 0.5288461538461539 0.6237980769230769 0.17668269230769232 0.06971153846153846
2 0.6875 0.6454326923076923 0.0985576923076923 0.125
2 0.5552884615384616 0.7091346153846154 0.15865384615384615 0.06610576923076923
2 0.578125 0.7848557692307693 0.10697115384615384 0.0625
2 0.6201923076923077 0.8665865384615384 0.12980769230769232 0.06490384615384616
2 0.08052884615384616 0.8894230769230769 0.06490384615384616 0.04567307692307692
2 0.22235576923076922 0.9290865384615384 0.03365384615384615 0.025240384615384616
2 0.6466346153846154 0.9459134615384616 0.10336538461538461 0.0625
2 0.21394230769230768 0.9783653846153846 0.15384615384615385 0.038461538461538464
2 0.4050480769230769 0.14543269230769232 0.15384615384615385 0.08413461538461539
2 0.4170673076923077 0.2644230769230769 0.0673076923076923 0.06850961538461539
2 0.3161057692307692 0.27403846153846156 0.08774038461538461 0.056490384615384616