3 0.49399038461538464 0.2091346153846154 0.28846153846153844 0.12620192307692307
3 0.09735576923076923 0.02283653846153846 0.15625 0.030048076923076924
3 0.1622596153846154 0.2800480769230769 0.30649038461538464 0.47836538461538464
3 0.7920673076923077 0.33413461538461536 0.19471153846153846 0.28725961538461536
3 0.4879807692307692 0.4206730769230769 0.2620192307692308 0.2824519230769231
3 0.1814903846153846 0.5709134615384616 0.12740384615384615 0.06370192307692307
3 0.43509615384615385 0.6213942307692307 0.17067307692307693 0.09254807692307693
3 0.8221153846153846 0.6274038461538461 0.27524038461538464 0.2644230769230769
3 0.21754807692307693 0.6310096153846154 0.09014423076923077 0.021634615384615384
3 0.43028846153846156 0.7247596153846154 0.31971153846153844 0.09134615384615384
3 0.6862980769230769 0.8894230769230769 0.53125 0.21634615384615385
3 0.30649038461538464 0.9146634615384616 0.13822115384615385 0.08533653846153846
3 0.4170673076923077 0.11057692307692307 0.11899038461538461 0.039663461538461536