0 0.9362980769230769 0.13701923076923078 0.12259615384615384 0.14423076923076922
0 0.8401442307692307 0.15264423076923078 0.04326923076923077 0.11658653846153846
0 0.7704326923076923 0.18269230769230768 0.07932692307692307 0.056490384615384616
0 0.7019230769230769 0.3016826923076923 0.0733173076923077 0.18509615384615385
0 0.796875 0.31850961538461536 0.09375 0.1814903846153846
0 0.6105769230769231 0.3269230769230769 0.09735576923076923 0.15504807692307693
0 0.9206730769230769 0.33774038461538464 0.13822115384615385 0.21995192307692307
0 0.5048076923076923 0.34975961538461536 0.10336538461538461 0.12740384615384615
0 0.4230769230769231 0.36899038461538464 0.036057692307692304 0.0673076923076923
0 0.36899038461538464 0.4675480769230769 0.0733173076923077 0.13822115384615385
0 0.7391826923076923 0.47836538461538464 0.08052884615384616 0.11658653846153846
0 0.6478365384615384 0.4795673076923077 0.0829326923076923 0.12259615384615384
0 0.5408653846153846 0.4807692307692308 0.10697115384615384 0.11658653846153846
0 0.44711538461538464 0.4831730769230769 0.06370192307692307 0.125
0 0.296875 0.49158653846153844 0.06370192307692307 0.06009615384615385
0 0.18389423076923078 0.5384615384615384 0.016826923076923076 0.026442307692307692
0 0.34375 0.5889423076923077 0.036057692307692304 0.07572115384615384
0 0.6814903846153846 0.5973557692307693 0.054086538461538464 0.078125
0 0.6189903846153846 0.6081730769230769 0.06490384615384616 0.11177884615384616
0 0.25841346153846156 0.6141826923076923 0.109375 0.16346153846153846
0 0.16346153846153846 0.6286057692307693 0.0673076923076923 0.109375
0 0.5144230769230769 0.6418269230769231 0.10216346153846154 0.171875
0 0.09495192307692307 0.6490384615384616 0.05889423076923077 0.056490384615384616
0 0.4110576923076923 0.6706730769230769 0.078125 0.23918269230769232
0 0.3401442307692308 0.7139423076923077 0.04567307692307692 0.09735576923076923
0 0.27163461538461536 0.7692307692307693 0.046875 0.11177884615384616
0 0.20432692307692307 0.7836538461538461 0.06850961538461539 0.14423076923076922
0 0.12860576923076922 0.7944711538461539 0.056490384615384616 0.20072115384615385
0 0.046875 0.8028846153846154 0.0829326923076923 0.21754807692307693