2 0.453125 0.2704326923076923 0.1201923076923077 0.03365384615384615
2 0.609375 0.29086538461538464 0.07211538461538461 0.03125
2 0.7596153846153846 0.3245192307692308 0.09134615384615384 0.046875
2 0.5889423076923077 0.3317307692307692 0.13341346153846154 0.027644230769230768
2 0.039663461538461536 0.36538461538461536 0.055288461538461536 0.051682692307692304
2 0.7764423076923077 0.3870192307692308 0.18629807692307693 0.04927884615384615
2 0.15865384615384615 0.39663461538461536 0.0625 0.042067307692307696
2 0.21875 0.45072115384615385 0.10216346153846154 0.04567307692307692
2 0.8413461538461539 0.4543269230769231 0.16105769230769232 0.054086538461538464
2 0.3581730769230769 0.5060096153846154 0.125 0.055288461538461536
2 0.8774038461538461 0.5240384615384616 0.15625 0.05048076923076923
2 0.08052884615384616 0.05889423076923077 0.08533653846153846 0.03485576923076923
2 0.5084134615384616 0.5805288461538461 0.19230769230769232 0.04567307692307692
2 0.8870192307692307 0.5901442307692307 0.07091346153846154 0.040865384615384616
2 0.5492788461538461 0.6298076923076923 0.1310096153846154 0.04326923076923077
2 0.7295673076923077 0.6526442307692307 0.16826923076923078 0.055288461538461536
2 0.90625 0.671875 0.12379807692307693 0.08653846153846154
2 0.7415865384615384 0.7151442307692307 0.09134615384615384 0.038461538461538464
2 0.90625 0.7908653846153846 0.12379807692307693 0.09735576923076923
2 0.2824519230769231 0.7932692307692307 0.06370192307692307 0.055288461538461536
2 0.9338942307692307 0.8774038461538461 0.12740384615384615 0.038461538461538464
2 0.4230769230769231 0.9122596153846154 0.0985576923076923 0.06850961538461539
2 0.9290865384615384 0.9603365384615384 0.09014423076923077 0.037259615384615384
2 0.49399038461538464 0.984375 0.08533653846153846 0.030048076923076924
2 0.18990384615384615 0.1045673076923077 0.125 0.03125
2 0.2608173076923077 0.15144230769230768 0.11177884615384616 0.026442307692307692
2 0.31850961538461536 0.19230769230769232 0.14783653846153846 0.028846153846153848
2 0.40625 0.21394230769230768 0.13701923076923078 0.020432692307692308