3 0.8353365384615384 0.48677884615384615 0.04567307692307692 0.11538461538461539
3 0.3076923076923077 0.53125 0.028846153846153848 0.042067307692307696
3 0.7740384615384616 0.5709134615384616 0.051682692307692304 0.16947115384615385
3 0.2668269230769231 0.6466346153846154 0.0829326923076923 0.14182692307692307
3 0.7127403846153846 0.6694711538461539 0.04567307692307692 0.13701923076923078
3 0.6574519230769231 0.7487980769230769 0.055288461538461536 0.11298076923076923
3 0.6069711538461539 0.8040865384615384 0.03245192307692308 0.16346153846153846
3 0.1778846153846154 0.8112980769230769 0.07091346153846154 0.10096153846153846
3 0.5661057692307693 0.8882211538461539 0.030048076923076924 0.0889423076923077
3 0.17067307692307693 0.890625 0.03365384615384615 0.026442307692307692
3 0.5192307692307693 0.9411057692307693 0.038461538461538464 0.05048076923076923
3 0.4735576923076923 0.96875 0.019230769230769232 0.03245192307692308
3 0.5841346153846154 0.1310096153846154 0.10216346153846154 0.21634615384615385
3 0.9819711538461539 0.2127403846153846 0.015625 0.020432692307692308
3 0.4735576923076923 0.26802884615384615 0.07572115384615384 0.2283653846153846
3 0.96875 0.3173076923076923 0.057692307692307696 0.13942307692307693
3 0.9170673076923077 0.33413461538461536 0.02403846153846154 0.04447115384615385
3 0.9002403846153846 0.43028846153846156 0.06850961538461539 0.10336538461538461
3 0.37259615384615385 0.4375 0.05889423076923077 0.21634615384615385