0 0.3485576923076923 0.8990384615384616 0.19831730769230768 0.04927884615384615
0 0.2512019230769231 0.9495192307692307 0.08653846153846154 0.039663461538461536
0 0.9603365384615384 0.2512019230769231 0.0625 0.23918269230769232
0 0.8677884615384616 0.2956730769230769 0.0889423076923077 0.16706730769230768
0 0.7668269230769231 0.3737980769230769 0.07091346153846154 0.1310096153846154
0 0.6682692307692307 0.421875 0.07091346153846154 0.0673076923076923
0 0.8954326923076923 0.42788461538461536 0.1466346153846154 0.07091346153846154
0 0.7704326923076923 0.46274038461538464 0.08052884615384616 0.015625
0 0.6658653846153846 0.5084134615384616 0.10576923076923077 0.0673076923076923
0 0.8762019230769231 0.5084134615384616 0.07692307692307693 0.0625
0 0.7956730769230769 0.5588942307692307 0.054086538461538464 0.046875
0 0.5432692307692307 0.578125 0.09735576923076923 0.12740384615384615
0 0.6778846153846154 0.6225961538461539 0.14302884615384615 0.11177884615384616
0 0.45072115384615385 0.6550480769230769 0.057692307692307696 0.06971153846153846
0 0.5396634615384616 0.6887019230769231 0.09134615384615384 0.0673076923076923
0 0.6838942307692307 0.7067307692307693 0.08533653846153846 0.03125
0 0.421875 0.7391826923076923 0.109375 0.06009615384615385
0 0.5576923076923077 0.7956730769230769 0.09134615384615384 0.09375
0 0.4026442307692308 0.8173076923076923 0.1875 0.06490384615384616