0 0.15625 0.5564903846153846 0.20432692307692307 0.0673076923076923
0 0.8112980769230769 0.6129807692307693 0.1875 0.09615384615384616
0 0.12139423076923077 0.6237980769230769 0.17908653846153846 0.04326923076923077
0 0.4362980769230769 0.7115384615384616 0.2920673076923077 0.13221153846153846
0 0.04447115384615385 0.7175480769230769 0.06009615384615385 0.09134615384615384
0 0.5889423076923077 0.8076923076923077 0.39663461538461536 0.040865384615384616
0 0.7944711538461539 0.8737980769230769 0.11658653846153846 0.04326923076923077
0 0.38822115384615385 0.9387019230769231 0.20432692307692307 0.10576923076923077
0 0.5456730769230769 0.9627403846153846 0.06490384615384616 0.04927884615384615
0 0.5456730769230769 0.11899038461538461 0.28365384615384615 0.07091346153846154
0 0.8605769230769231 0.140625 0.10817307692307693 0.0733173076923077
0 0.4362980769230769 0.2247596153846154 0.21394230769230768 0.11538461538461539
0 0.7115384615384616 0.24759615384615385 0.09975961538461539 0.0625
0 0.2920673076923077 0.33413461538461536 0.33533653846153844 0.08173076923076923
0 0.07572115384615384 0.35697115384615385 0.04927884615384615 0.026442307692307692
0 0.6189903846153846 0.042067307692307696 0.23918269230769232 0.07091346153846154
0 0.2091346153846154 0.4110576923076923 0.38822115384615385 0.056490384615384616
0 0.359375 0.45913461538461536 0.042067307692307696 0.026442307692307692
0 0.17548076923076922 0.47596153846153844 0.28725961538461536 0.06129807692307692