2 0.23317307692307693 0.18990384615384615 0.328125 0.040865384615384616
2 0.24519230769230768 0.24158653846153846 0.20552884615384615 0.037259615384615384
2 0.2548076923076923 0.28365384615384615 0.2932692307692308 0.03245192307692308
2 0.23557692307692307 0.32572115384615385 0.3137019230769231 0.040865384615384616
2 0.28846153846153844 0.36658653846153844 0.3317307692307692 0.03365384615384615
2 0.30288461538461536 0.40384615384615385 0.36177884615384615 0.03365384615384615
2 0.38100961538461536 0.43990384615384615 0.055288461538461536 0.025240384615384616
2 0.17668269230769232 0.4411057692307692 0.027644230769230768 0.026442307692307692
2 0.4855769230769231 0.47475961538461536 0.22235576923076922 0.028846153846153848
2 0.640625 0.47716346153846156 0.04567307692307692 0.018028846153846152
2 0.25 0.47836538461538464 0.14543269230769232 0.03245192307692308
2 0.5120192307692307 0.515625 0.3389423076923077 0.037259615384615384
2 0.20072115384615385 0.056490384615384616 0.04567307692307692 0.015625
2 0.47475961538461536 0.5600961538461539 0.35216346153846156 0.037259615384615384
2 0.5432692307692307 0.6069711538461539 0.40625 0.042067307692307696
2 0.7932692307692307 0.6153846153846154 0.07451923076923077 0.04326923076923077
2 0.5216346153846154 0.6502403846153846 0.37740384615384615 0.03485576923076923
2 0.4254807692307692 0.6899038461538461 0.2247596153846154 0.03245192307692308
2 0.671875 0.6971153846153846 0.037259615384615384 0.02283653846153846
2 0.6045673076923077 0.7043269230769231 0.078125 0.06129807692307692
2 0.46274038461538464 0.7271634615384616 0.15144230769230768 0.03365384615384615
2 0.5649038461538461 0.7451923076923077 0.039663461538461536 0.010817307692307692
2 0.47716346153846156 0.7668269230769231 0.11177884615384616 0.03125
2 0.38461538461538464 0.7992788461538461 0.15504807692307693 0.02403846153846154
2 0.22355769230769232 0.0829326923076923 0.13221153846153846 0.03485576923076923
2 0.37740384615384615 0.8245192307692307 0.15865384615384615 0.019230769230769232
2 0.3954326923076923 0.8449519230769231 0.0889423076923077 0.013221153846153846
2 0.39663461538461536 0.8990384615384616 0.12620192307692307 0.02283653846153846
2 0.42908653846153844 0.9278846153846154 0.14423076923076922 0.02283653846153846
2 0.42427884615384615 0.9579326923076923 0.17427884615384615 0.025240384615384616
2 0.39783653846153844 0.9879807692307693 0.15745192307692307 0.021634615384615384
2 0.2403846153846154 0.11899038461538461 0.14182692307692307 0.016826923076923076
2 0.25841346153846156 0.14903846153846154 0.2548076923076923 0.03245192307692308