4 0.32091346153846156 0.14783653846153846 0.3173076923076923 0.04326923076923077
4 0.1658653846153846 0.019230769230769232 0.3317307692307692 0.038461538461538464
4 0.2980769230769231 0.23197115384615385 0.4831730769230769 0.07692307692307693
4 0.4326923076923077 0.36177884615384615 0.359375 0.0889423076923077
4 0.47475961538461536 0.46634615384615385 0.5036057692307693 0.07572115384615384
4 0.5180288461538461 0.5637019230769231 0.5012019230769231 0.0889423076923077
4 0.6021634615384616 0.6538461538461539 0.42908653846153844 0.06971153846153846
4 0.7271634615384616 0.7391826923076923 0.3473557692307692 0.06610576923076923
4 0.23557692307692307 0.08052884615384616 0.35697115384615385 0.0733173076923077
4 0.6875 0.8197115384615384 0.5096153846153846 0.0673076923076923
4 0.6995192307692307 0.9026442307692307 0.5336538461538461 0.07692307692307693
4 0.8052884615384616 0.9723557692307693 0.38461538461538464 0.04567307692307692