0 0.7908653846153846 0.19471153846153846 0.0673076923076923 0.3894230769230769
0 0.7199519230769231 0.2692307692307692 0.054086538461538464 0.36899038461538464
0 0.6478365384615384 0.34975961538461536 0.07932692307692307 0.30408653846153844
0 0.5685096153846154 0.42788461538461536 0.06129807692307692 0.32091346153846156
0 0.9627403846153846 0.4855769230769231 0.04927884615384615 0.1814903846153846
0 0.5084134615384616 0.5264423076923077 0.039663461538461536 0.4110576923076923
0 0.43509615384615385 0.6033653846153846 0.0889423076923077 0.4483173076923077
0 0.8930288461538461 0.6442307692307693 0.046875 0.12259615384615384
0 0.84375 0.7259615384615384 0.03365384615384615 0.10697115384615384
0 0.33413461538461536 0.7560096153846154 0.10216346153846154 0.4326923076923077
0 0.21634615384615385 0.8653846153846154 0.10817307692307693 0.23557692307692307
0 0.8040865384615384 0.9074519230769231 0.05048076923076923 0.18028846153846154
0 0.8930288461538461 0.0985576923076923 0.11177884615384616 0.11177884615384616