2 0.7475961538461539 0.018028846153846152 0.055288461538461536 0.008413461538461538
2 0.6466346153846154 0.17908653846153846 0.039663461538461536 0.014423076923076924
2 0.5504807692307693 0.19471153846153846 0.06370192307692307 0.01201923076923077
2 0.6382211538461539 0.21153846153846154 0.02283653846153846 0.010817307692307692
2 0.5336538461538461 0.23918269230769232 0.07211538461538461 0.009615384615384616
2 0.5276442307692307 0.2644230769230769 0.018028846153846152 0.014423076923076924
2 0.4182692307692308 0.2920673076923077 0.054086538461538464 0.009615384615384616
2 0.42788461538461536 0.31850961538461536 0.027644230769230768 0.013221153846153846
2 0.3473557692307692 0.34134615384615385 0.04326923076923077 0.013221153846153846
2 0.796875 0.036057692307692304 0.052884615384615384 0.009615384615384616
2 0.25841346153846156 0.3605769230769231 0.013221153846153846 0.006009615384615385
2 0.3137019230769231 0.37259615384615385 0.02283653846153846 0.01201923076923077
2 0.2536057692307692 0.37740384615384615 0.039663461538461536 0.01201923076923077
2 0.2608173076923077 0.41346153846153844 0.037259615384615384 0.013221153846153846
2 0.26802884615384615 0.4411057692307692 0.05889423076923077 0.013221153846153846
2 0.2608173076923077 0.47596153846153844 0.046875 0.008413461538461538
2 0.2776442307692308 0.4951923076923077 0.03245192307692308 0.01201923076923077
2 0.24278846153846154 0.5252403846153846 0.046875 0.010817307692307692
2 0.3016826923076923 0.5913461538461539 0.030048076923076924 0.02403846153846154
2 0.234375 0.6045673076923077 0.07692307692307693 0.038461538461538464
2 0.7331730769230769 0.06370192307692307 0.039663461538461536 0.010817307692307692
2 0.28725961538461536 0.6382211538461539 0.038461538461538464 0.009615384615384616
2 0.7379807692307693 0.007211538461538462 0.026442307692307692 0.004807692307692308
2 0.7295673076923077 0.09134615384615384 0.019230769230769232 0.007211538461538462
2 0.7716346153846154 0.09375 0.020432692307692308 0.007211538461538462
2 0.6911057692307693 0.11899038461538461 0.04447115384615385 0.009615384615384616
2 0.7139423076923077 0.1502403846153846 0.025240384615384616 0.014423076923076924