4 0.27163461538461536 0.265625 0.17307692307692307 0.057692307692307696
4 0.6322115384615384 0.28725961538461536 0.21394230769230768 0.037259615384615384
4 0.2091346153846154 0.03365384615384615 0.20192307692307693 0.04326923076923077
4 0.6598557692307693 0.34615384615384615 0.18509615384615385 0.055288461538461536
4 0.3401442307692308 0.4050480769230769 0.15745192307692307 0.10216346153846154
4 0.13822115384615385 0.4230769230769231 0.12620192307692307 0.06490384615384616
4 0.7379807692307693 0.42427884615384615 0.23918269230769232 0.054086538461538464
4 0.8365384615384616 0.5036057692307693 0.3088942307692308 0.06971153846153846
4 0.0733173076923077 0.5108173076923077 0.09975961538461539 0.051682692307692304
4 0.41586538461538464 0.515625 0.17067307692307693 0.039663461538461536
4 0.7211538461538461 0.5612980769230769 0.17067307692307693 0.039663461538461536
4 0.9338942307692307 0.6033653846153846 0.12740384615384615 0.10096153846153846
4 0.3870192307692308 0.6057692307692307 0.4855769230769231 0.1141826923076923
4 0.39302884615384615 0.7067307692307693 0.21033653846153846 0.056490384615384616
4 0.9254807692307693 0.7259615384615384 0.12980769230769232 0.038461538461538464
4 0.6598557692307693 0.7307692307692307 0.1658653846153846 0.052884615384615384
4 0.5853365384615384 0.8004807692307693 0.17067307692307693 0.055288461538461536
4 0.6177884615384616 0.8653846153846154 0.16706730769230768 0.040865384615384616
4 0.8353365384615384 0.9278846153846154 0.26322115384615385 0.07692307692307693
4 0.32091346153846156 0.1346153846153846 0.1346153846153846 0.04807692307692308
4 0.5084134615384616 0.1778846153846154 0.15384615384615385 0.04447115384615385
4 0.5072115384615384 0.23076923076923078 0.1502403846153846 0.03365384615384615