2 0.7836538461538461 0.19591346153846154 0.0985576923076923 0.05889423076923077
2 0.6370192307692307 0.19831730769230768 0.1502403846153846 0.0673076923076923
2 0.5853365384615384 0.2776442307692308 0.1622596153846154 0.06490384615384616
2 0.8173076923076923 0.2800480769230769 0.1658653846153846 0.078125
2 0.24158653846153846 0.34134615384615385 0.08173076923076923 0.026442307692307692
2 0.8064903846153846 0.3473557692307692 0.05889423076923077 0.03365384615384615
2 0.5444711538461539 0.35336538461538464 0.16826923076923078 0.0625
2 0.21634615384615385 0.39663461538461536 0.14783653846153846 0.030048076923076924
2 0.9302884615384616 0.41466346153846156 0.1346153846153846 0.06490384615384616
2 0.6995192307692307 0.042067307692307696 0.1466346153846154 0.08413461538461539
2 0.5108173076923077 0.4266826923076923 0.14302884615384615 0.06490384615384616
2 0.34975961538461536 0.4543269230769231 0.12860576923076922 0.038461538461538464
2 0.38822115384615385 0.5144230769230769 0.27403846153846156 0.042067307692307696
2 0.4423076923076923 0.5637019230769231 0.13581730769230768 0.030048076923076924
2 0.4579326923076923 0.6165865384615384 0.2548076923076923 0.039663461538461536
2 0.4579326923076923 0.6670673076923077 0.19591346153846154 0.04567307692307692
2 0.49158653846153844 0.0673076923076923 0.11899038461538461 0.0889423076923077
2 0.6538461538461539 0.6814903846153846 0.0829326923076923 0.025240384615384616
2 0.6153846153846154 0.7319711538461539 0.19471153846153846 0.04927884615384615
2 0.6802884615384616 0.8064903846153846 0.13822115384615385 0.06009615384615385
2 0.7608173076923077 0.8786057692307693 0.16826923076923078 0.06971153846153846
2 0.8689903846153846 0.9579326923076923 0.15384615384615385 0.04807692307692308
2 0.7379807692307693 0.12259615384615384 0.18028846153846154 0.046875