0 0.140625 0.21394230769230768 0.10216346153846154 0.06009615384615385
0 0.36538461538461536 0.25240384615384615 0.0985576923076923 0.109375
0 0.20072115384615385 0.32572115384615385 0.04807692307692308 0.07692307692307693
0 0.29447115384615385 0.44350961538461536 0.06490384615384616 0.10216346153846154
0 0.5180288461538461 0.47115384615384615 0.11177884615384616 0.13221153846153846
0 0.6033653846153846 0.4963942307692308 0.03125 0.06850961538461539
0 0.36899038461538464 0.546875 0.054086538461538464 0.1141826923076923
0 0.6069711538461539 0.6081730769230769 0.10817307692307693 0.09375
0 0.48677884615384615 0.6911057692307693 0.1201923076923077 0.10096153846153846
0 0.20192307692307693 0.0733173076923077 0.05889423076923077 0.04567307692307692
0 0.7103365384615384 0.7319711538461539 0.1814903846153846 0.0673076923076923
0 0.8004807692307693 0.8641826923076923 0.15504807692307693 0.12139423076923077
0 0.06971153846153846 0.09495192307692307 0.06971153846153846 0.1622596153846154
0 0.9230769230769231 0.9483173076923077 0.06129807692307692 0.08774038461538461
0 0.8473557692307693 0.9555288461538461 0.039663461538461536 0.038461538461538464
0 0.6838942307692307 0.9639423076923077 0.06490384615384616 0.0673076923076923