3 0.27524038461538464 0.14182692307692307 0.06009615384615385 0.02403846153846154
3 0.421875 0.15985576923076922 0.030048076923076924 0.025240384615384616
3 0.31490384615384615 0.16466346153846154 0.021634615384615384 0.02283653846153846
3 0.27283653846153844 0.16826923076923078 0.026442307692307692 0.01201923076923077
3 0.8473557692307693 0.16826923076923078 0.02283653846153846 0.030048076923076924
3 0.5540865384615384 0.17067307692307693 0.013221153846153846 0.02403846153846154
3 0.3269230769230769 0.019230769230769232 0.03485576923076923 0.03125
3 0.4375 0.18629807692307693 0.02283653846153846 0.021634615384615384
3 0.28846153846153844 0.18990384615384615 0.027644230769230768 0.021634615384615384
3 0.8569711538461539 0.19951923076923078 0.02403846153846154 0.016826923076923076
3 0.3389423076923077 0.19951923076923078 0.02403846153846154 0.026442307692307692
3 0.5673076923076923 0.19951923076923078 0.019230769230769232 0.015625
3 0.4519230769230769 0.20793269230769232 0.030048076923076924 0.018028846153846152
3 0.29927884615384615 0.21514423076923078 0.027644230769230768 0.021634615384615384
3 0.5769230769230769 0.21875 0.01201923076923077 0.01201923076923077
3 0.14783653846153846 0.22355769230769232 0.021634615384615384 0.021634615384615384
3 0.8689903846153846 0.22716346153846154 0.025240384615384616 0.02283653846153846
3 0.3545673076923077 0.2283653846153846 0.026442307692307692 0.014423076923076924
3 0.7415865384615384 0.2283653846153846 0.008413461538461538 0.026442307692307692
3 0.46634615384615385 0.22956730769230768 0.02403846153846154 0.018028846153846152
3 0.3137019230769231 0.2403846153846154 0.025240384615384616 0.021634615384615384
3 0.47836538461538464 0.25240384615384615 0.026442307692307692 0.019230769230769232
3 0.4567307692307692 0.025240384615384616 0.020432692307692308 0.010817307692307692
3 0.16826923076923078 0.2548076923076923 0.020432692307692308 0.02283653846153846
3 0.36778846153846156 0.2548076923076923 0.018028846153846152 0.019230769230769232
3 0.8882211538461539 0.2644230769230769 0.028846153846153848 0.028846153846153848
3 0.3293269230769231 0.2668269230769231 0.026442307692307692 0.016826923076923076
3 0.7512019230769231 0.2668269230769231 0.013221153846153846 0.026442307692307692
3 0.4891826923076923 0.27403846153846156 0.026442307692307692 0.018028846153846152
3 0.19230769230769232 0.2800480769230769 0.021634615384615384 0.018028846153846152
3 0.38221153846153844 0.28365384615384615 0.019230769230769232 0.016826923076923076
3 0.34375 0.29086538461538464 0.025240384615384616 0.020432692307692308
3 0.5048076923076923 0.29927884615384615 0.03245192307692308 0.020432692307692308
3 0.39903846153846156 0.3088942307692308 0.020432692307692308 0.020432692307692308
3 0.7632211538461539 0.03125 0.039663461538461536 0.010817307692307692
3 0.3545673076923077 0.31490384615384615 0.027644230769230768 0.016826923076923076
3 0.5204326923076923 0.3233173076923077 0.03485576923076923 0.019230769230769232
3 0.36899038461538464 0.33653846153846156 0.03125 0.015625
3 0.41586538461538464 0.3389423076923077 0.02403846153846154 0.020432692307692308
3 0.5348557692307693 0.34375 0.036057692307692304 0.016826923076923076
3 0.6538461538461539 0.35216346153846156 0.01201923076923077 0.016826923076923076
3 0.9254807692307693 0.35697115384615385 0.020432692307692308 0.021634615384615384
3 0.38100961538461536 0.359375 0.030048076923076924 0.021634615384615384
3 0.546875 0.3629807692307692 0.026442307692307692 0.018028846153846152
3 0.4338942307692308 0.36538461538461536 0.019230769230769232 0.014423076923076924
3 0.4675480769230769 0.038461538461538464 0.014423076923076924 0.009615384615384616
3 0.3942307692307692 0.38221153846153844 0.028846153846153848 0.020432692307692308
3 0.5576923076923077 0.38461538461538464 0.028846153846153848 0.018028846153846152
3 0.9362980769230769 0.38822115384615385 0.019230769230769232 0.02283653846153846
3 0.8076923076923077 0.039663461538461536 0.03245192307692308 0.013221153846153846
3 0.4495192307692308 0.3954326923076923 0.014423076923076924 0.02283653846153846
3 0.6850961538461539 0.40384615384615385 0.013221153846153846 0.014423076923076924
3 0.4098557692307692 0.40865384615384615 0.02403846153846154 0.020432692307692308
3 0.20552884615384615 0.042067307692307696 0.06490384615384616 0.03485576923076923
3 0.5673076923076923 0.4098557692307692 0.027644230769230768 0.020432692307692308
3 0.7632211538461539 0.4170673076923077 0.014423076923076924 0.014423076923076924
3 0.020432692307692308 0.4206730769230769 0.01201923076923077 0.042067307692307696
3 0.9471153846153846 0.421875 0.02283653846153846 0.027644230769230768
3 0.4675480769230769 0.42788461538461536 0.015625 0.018028846153846152
3 0.578125 0.43149038461538464 0.026442307692307692 0.020432692307692308
3 0.6995192307692307 0.43149038461538464 0.01201923076923077 0.014423076923076924
3 0.4266826923076923 0.43509615384615385 0.026442307692307692 0.018028846153846152
3 0.7764423076923077 0.44471153846153844 0.016826923076923076 0.021634615384615384
3 0.59375 0.4519230769230769 0.03125 0.019230769230769232
3 0.9639423076923077 0.4579326923076923 0.016826923076923076 0.02283653846153846
3 0.43990384615384615 0.45913461538461536 0.02283653846153846 0.019230769230769232
3 0.7884615384615384 0.4639423076923077 0.015625 0.015625
3 0.84375 0.046875 0.02403846153846154 0.016826923076923076
3 0.4891826923076923 0.4723557692307692 0.019230769230769232 0.030048076923076924
3 0.6045673076923077 0.4795673076923077 0.027644230769230768 0.021634615384615384
3 0.34975961538461536 0.4831730769230769 0.01201923076923077 0.018028846153846152
3 0.453125 0.4855769230769231 0.028846153846153848 0.019230769230769232
3 0.7980769230769231 0.48677884615384615 0.019230769230769232 0.016826923076923076
3 0.6165865384615384 0.5012019230769231 0.028846153846153848 0.015625
3 0.8076923076923077 0.5072115384615384 0.013221153846153846 0.013221153846153846
3 0.46875 0.5084134615384616 0.027644230769230768 0.020432692307692308
3 0.6262019230769231 0.5204326923076923 0.03125 0.018028846153846152
3 0.6875 0.052884615384615384 0.03365384615384615 0.03365384615384615
3 0.8173076923076923 0.5264423076923077 0.016826923076923076 0.013221153846153846
3 0.3713942307692308 0.5288461538461539 0.013221153846153846 0.020432692307692308
3 0.47836538461538464 0.53125 0.026442307692307692 0.015625
3 0.3485576923076923 0.054086538461538464 0.038461538461538464 0.028846153846153848
3 0.6370192307692307 0.5396634615384616 0.028846153846153848 0.014423076923076924
3 0.8305288461538461 0.5444711538461539 0.019230769230769232 0.015625
3 0.47836538461538464 0.055288461538461536 0.013221153846153846 0.010817307692307692
3 0.4963942307692308 0.5528846153846154 0.028846153846153848 0.021634615384615384
3 0.6538461538461539 0.5612980769230769 0.03245192307692308 0.019230769230769232
3 0.8413461538461539 0.5649038461538461 0.025240384615384616 0.019230769230769232
3 0.4026442307692308 0.5673076923076923 0.014423076923076924 0.013221153846153846
3 0.5024038461538461 0.5745192307692307 0.027644230769230768 0.018028846153846152
3 0.3762019230769231 0.5841346153846154 0.019230769230769232 0.015625
3 0.6682692307692307 0.5865384615384616 0.026442307692307692 0.015625
3 0.8569711538461539 0.5877403846153846 0.019230769230769232 0.016826923076923076
3 0.41225961538461536 0.5877403846153846 0.016826923076923076 0.015625
3 0.5168269230769231 0.5997596153846154 0.03485576923076923 0.018028846153846152
3 0.7223557692307693 0.06129807692307692 0.030048076923076924 0.028846153846153848
3 0.8798076923076923 0.06129807692307692 0.025240384615384616 0.018028846153846152
3 0.6778846153846154 0.6069711538461539 0.030048076923076924 0.021634615384615384
3 0.8641826923076923 0.609375 0.019230769230769232 0.016826923076923076
3 0.43149038461538464 0.609375 0.014423076923076924 0.014423076923076924
3 0.40024038461538464 0.6105769230769231 0.01201923076923077 0.018028846153846152
3 0.5360576923076923 0.6237980769230769 0.03125 0.018028846153846152
3 0.44591346153846156 0.6298076923076923 0.014423076923076924 0.016826923076923076
3 0.6899038461538461 0.6334134615384616 0.026442307692307692 0.019230769230769232
3 0.8798076923076923 0.6358173076923077 0.018028846153846152 0.020432692307692308
3 0.4266826923076923 0.6418269230769231 0.014423076923076924 0.018028846153846152
3 0.5504807692307693 0.6490384615384616 0.030048076923076924 0.015625
3 0.4639423076923077 0.6514423076923077 0.013221153846153846 0.021634615384615384
3 0.7043269230769231 0.6622596153846154 0.025240384615384616 0.021634615384615384
3 0.5661057692307693 0.671875 0.02403846153846154 0.018028846153846152
3 0.7247596153846154 0.6911057692307693 0.027644230769230768 0.025240384615384616
3 0.7584134615384616 0.06971153846153846 0.03245192307692308 0.028846153846153848
3 0.22956730769230768 0.07091346153846154 0.06370192307692307 0.019230769230769232
3 0.5865384615384616 0.6983173076923077 0.03125 0.02283653846153846
3 0.44711538461538464 0.007211538461538462 0.015625 0.014423076923076924
3 0.3942307692307692 0.7079326923076923 0.037259615384615384 0.026442307692307692
3 0.4387019230769231 0.7091346153846154 0.028846153846153848 0.027644230769230768
3 0.3425480769230769 0.7139423076923077 0.03365384615384615 0.02283653846153846
3 0.296875 0.7139423076923077 0.040865384615384616 0.019230769230769232
3 0.24759615384615385 0.71875 0.04326923076923077 0.021634615384615384
3 0.7415865384615384 0.7223557692307693 0.025240384615384616 0.02283653846153846
3 0.6021634615384616 0.7235576923076923 0.03125 0.02283653846153846
3 0.15865384615384615 0.7235576923076923 0.038461538461538464 0.015625
3 0.11298076923076923 0.7247596153846154 0.026442307692307692 0.021634615384615384
3 0.07211538461538461 0.7283653846153846 0.038461538461538464 0.02283653846153846
3 0.02403846153846154 0.7307692307692307 0.040865384615384616 0.021634615384615384
3 0.49278846153846156 0.0733173076923077 0.015625 0.009615384615384616
3 0.6153846153846154 0.7439903846153846 0.02403846153846154 0.014423076923076924
3 0.7584134615384616 0.75 0.020432692307692308 0.019230769230769232
3 0.6298076923076923 0.7668269230769231 0.026442307692307692 0.019230769230769232
3 0.6045673076923077 0.7680288461538461 0.019230769230769232 0.015625
3 0.7920673076923077 0.078125 0.020432692307692308 0.02403846153846154
3 0.5733173076923077 0.7776442307692307 0.026442307692307692 0.015625
3 0.765625 0.7776442307692307 0.015625 0.02403846153846154
3 0.6454326923076923 0.7884615384615384 0.02403846153846154 0.018028846153846152
3 0.7788461538461539 0.8016826923076923 0.018028846153846152 0.014423076923076924
3 0.6129807692307693 0.8028846153846154 0.021634615384615384 0.03245192307692308
3 0.9278846153846154 0.08173076923076923 0.027644230769230768 0.038461538461538464
3 0.5721153846153846 0.8052884615384616 0.028846153846153848 0.021634615384615384
3 0.6598557692307693 0.8100961538461539 0.025240384615384616 0.016826923076923076
3 0.0733173076923077 0.8197115384615384 0.04447115384615385 0.013221153846153846
3 0.7908653846153846 0.8221153846153846 0.015625 0.020432692307692308
3 0.021634615384615384 0.8245192307692307 0.027644230769230768 0.019230769230769232
3 0.6754807692307693 0.8305288461538461 0.021634615384615384 0.020432692307692308
3 0.6237980769230769 0.8341346153846154 0.02403846153846154 0.02283653846153846
3 0.5793269230769231 0.8353365384615384 0.021634615384615384 0.025240384615384616
3 0.8064903846153846 0.8545673076923077 0.014423076923076924 0.015625
3 0.6959134615384616 0.8557692307692307 0.030048076923076924 0.019230769230769232
3 0.8233173076923077 0.08653846153846154 0.025240384615384616 0.02283653846153846
3 0.5865384615384616 0.8653846153846154 0.021634615384615384 0.02403846153846154
3 0.6310096153846154 0.8689903846153846 0.02283653846153846 0.028846153846153848
3 0.9579326923076923 0.08774038461538461 0.02403846153846154 0.038461538461538464
3 0.8149038461538461 0.8798076923076923 0.013221153846153846 0.021634615384615384
3 0.8521634615384616 0.0889423076923077 0.025240384615384616 0.020432692307692308
3 0.24519230769230768 0.09014423076923077 0.0673076923076923 0.010817307692307692
3 0.5949519230769231 0.8990384615384616 0.028846153846153848 0.02403846153846154
3 0.3701923076923077 0.09014423076923077 0.037259615384615384 0.03365384615384615
3 0.828125 0.9026442307692307 0.015625 0.020432692307692308
3 0.6370192307692307 0.9038461538461539 0.02283653846153846 0.020432692307692308
3 0.5012019230769231 0.09254807692307693 0.013221153846153846 0.01201923076923077
3 0.6394230769230769 0.9350961538461539 0.014423076923076924 0.019230769230769232
3 0.6009615384615384 0.9387019230769231 0.02403846153846154 0.039663461538461536
3 0.8882211538461539 0.0985576923076923 0.03125 0.025240384615384616
3 0.6574519230769231 0.9867788461538461 0.021634615384615384 0.021634615384615384
3 0.9879807692307693 0.1045673076923077 0.019230769230769232 0.040865384615384616
3 0.25841346153846156 0.11057692307692307 0.0625 0.02403846153846154
3 0.18629807692307693 0.01201923076923077 0.07572115384615384 0.016826923076923076
3 0.9555288461538461 0.1141826923076923 0.025240384615384616 0.009615384615384616
3 0.703125 0.125 0.008413461538461538 0.027644230769230768
3 0.3954326923076923 0.12620192307692307 0.037259615384615384 0.03245192307692308