0 0.9483173076923077 0.47596153846153844 0.08653846153846154 0.0985576923076923
0 0.8834134615384616 0.5288461538461539 0.02403846153846154 0.1814903846153846
0 0.8497596153846154 0.546875 0.025240384615384616 0.2127403846153846
0 0.8125 0.578125 0.028846153846153848 0.21634615384615385
0 0.7716346153846154 0.5925480769230769 0.028846153846153848 0.23197115384615385
0 0.7403846153846154 0.6189903846153846 0.021634615384615384 0.2668269230769231
0 0.7091346153846154 0.6382211538461539 0.025240384615384616 0.2932692307692308
0 0.6646634615384616 0.6550480769230769 0.039663461538461536 0.30649038461538464
0 0.6117788461538461 0.6670673076923077 0.04927884615384615 0.3088942307692308
0 0.5384615384615384 0.6850961538461539 0.07091346153846154 0.3329326923076923
0 0.4495192307692308 0.703125 0.07692307692307693 0.35216346153846156
0 0.3581730769230769 0.7283653846153846 0.09014423076923077 0.39663461538461536
0 0.20793269230769232 0.78125 0.17908653846153846 0.37259615384615385