2 0.36899038461538464 0.4375 0.4182692307692308 0.06850961538461539
2 0.40384615384615385 0.5456730769230769 0.43990384615384615 0.12139423076923077
2 0.453125 0.6778846153846154 0.4206730769230769 0.125
2 0.47596153846153844 0.7932692307692307 0.4483173076923077 0.0733173076923077
2 0.4963942307692308 0.8677884615384616 0.33052884615384615 0.051682692307692304
2 0.546875 0.9314903846153846 0.1971153846153846 0.054086538461538464
2 0.4495192307692308 0.10697115384615384 0.14182692307692307 0.07211538461538461
2 0.27884615384615385 0.15264423076923078 0.14903846153846154 0.04567307692307692
2 0.4831730769230769 0.16706730769230768 0.1778846153846154 0.025240384615384616
2 0.35697115384615385 0.22716346153846154 0.4326923076923077 0.07572115384615384
2 0.3629807692307692 0.29927884615384615 0.4483173076923077 0.054086538461538464
2 0.38221153846153844 0.3641826923076923 0.37740384615384615 0.05048076923076923