3 0.6911057692307693 0.3137019230769231 0.4362980769230769 0.052884615384615384
3 0.8605769230769231 0.36778846153846156 0.1658653846153846 0.027644230769230768
3 0.5516826923076923 0.37740384615384615 0.3293269230769231 0.042067307692307696
3 0.34375 0.390625 0.04807692307692308 0.03365384615384615
3 0.9795673076923077 0.39663461538461536 0.036057692307692304 0.16346153846153846
3 0.8269230769230769 0.41346153846153844 0.17548076923076922 0.04567307692307692
3 0.4735576923076923 0.4639423076923077 0.3786057692307692 0.09495192307692307
3 0.22596153846153846 0.4831730769230769 0.07572115384615384 0.04807692307692308
3 0.8004807692307693 0.49158653846153844 0.23197115384615385 0.08413461538461539
3 0.5925480769230769 0.5480769230769231 0.12139423076923077 0.04326923076923077
3 0.1141826923076923 0.5949519230769231 0.020432692307692308 0.0829326923076923
3 0.32211538461538464 0.6117788461538461 0.359375 0.17908653846153846
3 0.5865384615384616 0.6165865384615384 0.08052884615384616 0.05048076923076923
3 0.23197115384615385 0.75 0.16826923076923078 0.06370192307692307
3 0.08413461538461539 0.7608173076923077 0.07091346153846154 0.21754807692307693
3 0.019230769230769232 0.7872596153846154 0.030048076923076924 0.19230769230769232
3 0.18028846153846154 0.8137019230769231 0.078125 0.04807692307692308
3 0.4735576923076923 0.8858173076923077 0.17668269230769232 0.203125
3 0.9699519230769231 0.12860576923076922 0.055288461538461536 0.03125
3 0.9098557692307693 0.17307692307692307 0.17548076923076922 0.038461538461538464
3 0.8197115384615384 0.23677884615384615 0.2932692307692308 0.07091346153846154