3 0.8449519230769231 0.18509615384615385 0.0985576923076923 0.36658653846153844
3 0.6742788461538461 0.21033653846153846 0.03245192307692308 0.025240384615384616
3 0.5949519230769231 0.3425480769230769 0.04807692307692308 0.06490384615384616
3 0.7463942307692307 0.3629807692307692 0.09014423076923077 0.40625
3 0.8269230769230769 0.4254807692307692 0.04807692307692308 0.09375
3 0.6574519230769231 0.47475961538461536 0.055288461538461536 0.47716346153846156
3 0.4831730769230769 0.5048076923076923 0.042067307692307696 0.10817307692307693
3 0.4411057692307692 0.5733173076923077 0.037259615384615384 0.14423076923076922
3 0.3858173076923077 0.5997596153846154 0.04447115384615385 0.04567307692307692
3 0.5673076923076923 0.609375 0.10697115384615384 0.42788461538461536
3 0.71875 0.6105769230769231 0.04807692307692308 0.057692307692307696
3 0.359375 0.6502403846153846 0.09495192307692307 0.030048076923076924
3 0.4879807692307692 0.6670673076923077 0.03485576923076923 0.0673076923076923
3 0.31009615384615385 0.7055288461538461 0.08653846153846154 0.04807692307692308
3 0.4411057692307692 0.7475961538461539 0.11658653846153846 0.08052884615384616
3 0.640625 0.7512019230769231 0.026442307692307692 0.04326923076923077
3 0.28846153846153844 0.7620192307692307 0.11658653846153846 0.04807692307692308
3 0.5264423076923077 0.8677884615384616 0.0733173076923077 0.0673076923076923
3 0.32572115384615385 0.9002403846153846 0.3004807692307692 0.18990384615384615
3 0.7572115384615384 0.12379807692307693 0.04807692307692308 0.04326923076923077
3 0.9266826923076923 0.13221153846153846 0.04927884615384615 0.14543269230769232