3 0.4723557692307692 0.37259615384615385 0.06971153846153846 0.32211538461538464
3 0.04927884615384615 0.4879807692307692 0.09254807692307693 0.18870192307692307
3 0.5564903846153846 0.5228365384615384 0.0733173076923077 0.3581730769230769
3 0.6490384615384616 0.6225961538461539 0.09375 0.19230769230769232
3 0.15264423076923078 0.6838942307692307 0.09735576923076923 0.25
3 0.05048076923076923 0.6935096153846154 0.06370192307692307 0.18870192307692307
3 0.6983173076923077 0.7728365384615384 0.04567307692307692 0.10096153846153846
3 0.7632211538461539 0.8137019230769231 0.07692307692307693 0.31971153846153844
3 0.2668269230769231 0.8389423076923077 0.07932692307692307 0.17908653846153846
3 0.6838942307692307 0.9302884615384616 0.05048076923076923 0.11658653846153846
3 0.38461538461538464 0.2764423076923077 0.09014423076923077 0.2764423076923077