2 0.6298076923076923 0.22115384615384615 0.0625 0.020432692307692308
2 0.5180288461538461 0.234375 0.11538461538461539 0.04447115384615385
2 0.5685096153846154 0.2776442307692308 0.18629807692307693 0.03365384615384615
2 0.5180288461538461 0.31971153846153844 0.18990384615384615 0.036057692307692304
2 0.5300480769230769 0.3629807692307692 0.18028846153846154 0.036057692307692304
2 0.6586538461538461 0.38341346153846156 0.03365384615384615 0.019230769230769232
2 0.35096153846153844 0.040865384615384616 0.10096153846153846 0.021634615384615384
2 0.5204326923076923 0.4014423076923077 0.21875 0.03485576923076923
2 0.5180288461538461 0.4411057692307692 0.27884615384615385 0.036057692307692304
2 0.5180288461538461 0.48197115384615385 0.2439903846153846 0.03485576923076923
2 0.4735576923076923 0.5192307692307693 0.1622596153846154 0.028846153846153848
2 0.5552884615384616 0.5516826923076923 0.14903846153846154 0.02283653846153846
2 0.546875 0.5805288461538461 0.078125 0.02403846153846154
2 0.6514423076923077 0.5829326923076923 0.09375 0.021634615384615384
2 0.6382211538461539 0.6069711538461539 0.12620192307692307 0.013221153846153846
2 0.46875 0.6105769230769231 0.15384615384615385 0.026442307692307692
2 0.5120192307692307 0.6478365384615384 0.20793269230769232 0.037259615384615384
2 0.3701923076923077 0.06971153846153846 0.06610576923076923 0.018028846153846152
2 0.5612980769230769 0.6887019230769231 0.23197115384615385 0.026442307692307692
2 0.53125 0.7211538461538461 0.18389423076923078 0.027644230769230768
2 0.3485576923076923 0.7367788461538461 0.06490384615384616 0.020432692307692308
2 0.5552884615384616 0.7548076923076923 0.19831730769230768 0.030048076923076924
2 0.41947115384615385 0.7692307692307693 0.039663461538461536 0.055288461538461536
2 0.5444711538461539 0.796875 0.18509615384615385 0.042067307692307696
2 0.5036057692307693 0.8449519230769231 0.25721153846153844 0.04326923076923077
2 0.5264423076923077 0.8918269230769231 0.15745192307692307 0.03485576923076923
2 0.5108173076923077 0.9387019230769231 0.11298076923076923 0.040865384615384616
2 0.4362980769230769 0.10336538461538461 0.11177884615384616 0.03485576923076923
2 0.5108173076923077 0.1346153846153846 0.08413461538461539 0.015625
2 0.4026442307692308 0.14182692307692307 0.07572115384615384 0.01201923076923077
2 0.5228365384615384 0.15985576923076922 0.1658653846153846 0.025240384615384616
2 0.5576923076923077 0.19230769230769232 0.08052884615384616 0.028846153846153848