2 0.1502403846153846 0.23918269230769232 0.17548076923076922 0.03125
2 0.09735576923076923 0.29086538461538464 0.10216346153846154 0.016826923076923076
2 0.23798076923076922 0.31009615384615385 0.13942307692307693 0.06490384615384616
2 0.2800480769230769 0.3605769230769231 0.1814903846153846 0.046875
2 0.40024038461538464 0.4206730769230769 0.14783653846153846 0.055288461538461536
2 0.3329326923076923 0.49038461538461536 0.06370192307692307 0.051682692307692304
2 0.5144230769230769 0.5120192307692307 0.0889423076923077 0.06009615384615385
2 0.5276442307692307 0.5709134615384616 0.14783653846153846 0.037259615384615384
2 0.5901442307692307 0.6442307692307693 0.07211538461538461 0.056490384615384616
2 0.6947115384615384 0.6923076923076923 0.06850961538461539 0.051682692307692304
2 0.7307692307692307 0.7620192307692307 0.109375 0.039663461538461536
2 0.7764423076923077 0.8257211538461539 0.14903846153846154 0.05048076923076923
2 0.9242788461538461 0.8930288461538461 0.12379807692307693 0.05889423076923077
2 0.07932692307692307 0.1875 0.13341346153846154 0.04567307692307692