4 0.6514423076923077 0.17067307692307693 0.0829326923076923 0.06850961538461539
4 0.41947115384615385 0.19471153846153846 0.0985576923076923 0.030048076923076924
4 0.18389423076923078 0.2091346153846154 0.10697115384615384 0.054086538461538464
4 0.6478365384615384 0.2512019230769231 0.1310096153846154 0.06370192307692307
4 0.19591346153846154 0.28125 0.08774038461538461 0.03365384615384615
4 0.53125 0.3425480769230769 0.027644230769230768 0.015625
4 0.6778846153846154 0.34975961538461536 0.0829326923076923 0.025240384615384616
4 0.4483173076923077 0.037259615384615384 0.08052884615384616 0.03245192307692308
4 0.6189903846153846 0.39783653846153844 0.11778846153846154 0.04326923076923077
4 0.2824519230769231 0.4170673076923077 0.1310096153846154 0.037259615384615384
4 0.6442307692307693 0.042067307692307696 0.08052884615384616 0.07091346153846154
4 0.6237980769230769 0.44471153846153844 0.07091346153846154 0.016826923076923076
4 0.6502403846153846 0.4675480769230769 0.04927884615384615 0.013221153846153846
4 0.7175480769230769 0.48677884615384615 0.13942307692307693 0.027644230769230768
4 0.3269230769230769 0.051682692307692304 0.08774038461538461 0.021634615384615384
4 0.33774038461538464 0.5769230769230769 0.1310096153846154 0.08173076923076923
4 0.15144230769230768 0.06009615384615385 0.10697115384615384 0.042067307692307696
4 0.609375 0.5997596153846154 0.10697115384615384 0.025240384615384616
4 0.7235576923076923 0.6634615384615384 0.10697115384615384 0.04567307692307692
4 0.3870192307692308 0.7067307692307693 0.11057692307692307 0.07211538461538461
4 0.7548076923076923 0.7319711538461539 0.15745192307692307 0.0625
4 0.3581730769230769 0.8197115384615384 0.12980769230769232 0.054086538461538464
4 0.7295673076923077 0.8377403846153846 0.08533653846153846 0.030048076923076924
4 0.44350961538461536 0.8762019230769231 0.05889423076923077 0.030048076923076924
4 0.4182692307692308 0.9206730769230769 0.10817307692307693 0.026442307692307692
4 0.5649038461538461 0.9639423076923077 0.10697115384615384 0.037259615384615384
4 0.8461538461538461 0.96875 0.14903846153846154 0.042067307692307696
4 0.44591346153846156 0.9783653846153846 0.0889423076923077 0.038461538461538464