3 0.3858173076923077 0.5228365384615384 0.4495192307692308 0.046875
3 0.8497596153846154 0.5300480769230769 0.0733173076923077 0.0625
3 0.36778846153846156 0.5925480769230769 0.38221153846153844 0.042067307692307696
3 0.3401442307692308 0.6610576923076923 0.3112980769230769 0.05048076923076923
3 0.6971153846153846 0.6911057692307693 0.051682692307692304 0.06610576923076923
3 0.3269230769230769 0.7247596153846154 0.22596153846153846 0.02403846153846154
3 0.2800480769230769 0.7836538461538461 0.140625 0.042067307692307696
3 0.8473557692307693 0.7896634615384616 0.17427884615384615 0.38822115384615385
3 0.5456730769230769 0.8028846153846154 0.040865384615384616 0.036057692307692304
3 0.6598557692307693 0.8581730769230769 0.12620192307692307 0.22716346153846154
3 0.5120192307692307 0.9110576923076923 0.06971153846153846 0.10697115384615384
3 0.38822115384615385 0.109375 0.7283653846153846 0.17908653846153846
3 0.42908653846153844 0.29447115384615385 0.6983173076923077 0.1466346153846154
3 0.41225961538461536 0.43149038461538464 0.5685096153846154 0.0829326923076923