0 0.33413461538461536 0.1502403846153846 0.10096153846153846 0.14423076923076922
0 0.4375 0.23197115384615385 0.05889423076923077 0.04927884615384615
0 0.21033653846153846 0.24759615384615385 0.09134615384615384 0.08653846153846154
0 0.5829326923076923 0.36899038461538464 0.026442307692307692 0.001201923076923077
0 0.4014423076923077 0.390625 0.18990384615384615 0.2439903846153846
0 0.037259615384615384 0.051682692307692304 0.040865384615384616 0.0625
0 0.5841346153846154 0.5444711538461539 0.08533653846153846 0.3605769230769231
0 0.44591346153846156 0.6129807692307693 0.0985576923076923 0.1346153846153846
0 0.7211538461538461 0.6802884615384616 0.10216346153846154 0.3016826923076923
0 0.6033653846153846 0.7932692307692307 0.07932692307692307 0.09375
0 0.8689903846153846 0.84375 0.0673076923076923 0.25600961538461536
0 0.7355769230769231 0.8894230769230769 0.10576923076923077 0.06610576923076923
0 0.9675480769230769 0.90625 0.054086538461538464 0.1045673076923077
0 0.15985576923076922 0.10817307692307693 0.15625 0.1466346153846154