0 0.9326923076923077 0.203125 0.12860576923076922 0.3762019230769231
0 0.8125 0.3004807692307692 0.09735576923076923 0.47716346153846156
0 0.6995192307692307 0.33653846153846156 0.11177884615384616 0.4879807692307692
0 0.5540865384615384 0.33774038461538464 0.16466346153846154 0.4735576923076923
0 0.35336538461538464 0.40625 0.11057692307692307 0.21875
0 0.4362980769230769 0.4543269230769231 0.04567307692307692 0.24879807692307693
0 0.5432692307692307 0.057692307692307696 0.06129807692307692 0.0733173076923077
0 0.23317307692307693 0.5204326923076923 0.07692307692307693 0.13341346153846154
0 0.3389423076923077 0.6935096153846154 0.10697115384615384 0.3245192307692308
0 0.46875 0.7055288461538461 0.11899038461538461 0.14423076923076922
0 0.171875 0.7848557692307693 0.21875 0.3329326923076923