2 0.8100961538461539 0.1658653846153846 0.09615384615384616 0.04326923076923077
2 0.765625 0.25961538461538464 0.09975961538461539 0.14423076923076922
2 0.4987980769230769 0.2620192307692308 0.09615384615384616 0.11538461538461539
2 0.6141826923076923 0.37740384615384615 0.2848557692307692 0.07692307692307693
2 0.65625 0.4795673076923077 0.2848557692307692 0.10697115384615384
2 0.6466346153846154 0.5805288461538461 0.25721153846153844 0.08774038461538461
2 0.6189903846153846 0.6814903846153846 0.22235576923076922 0.09615384615384616
2 0.6286057692307693 0.7776442307692307 0.14783653846153846 0.0733173076923077
2 0.6310096153846154 0.8737980769230769 0.16346153846153846 0.08533653846153846
2 0.6875 0.9759615384615384 0.1201923076923077 0.04326923076923077
2 0.7716346153846154 0.09975961538461539 0.12139423076923077 0.06009615384615385