2 0.8521634615384616 0.19110576923076922 0.06850961538461539 0.037259615384615384
2 0.7223557692307693 0.23557692307692307 0.14903846153846154 0.08533653846153846
2 0.6646634615384616 0.31971153846153844 0.1935096153846154 0.057692307692307696
2 0.6189903846153846 0.40865384615384615 0.21995192307692307 0.04567307692307692
2 0.5444711538461539 0.47596153846153844 0.19110576923076922 0.051682692307692304
2 0.84375 0.051682692307692304 0.125 0.046875
2 0.4963942307692308 0.5396634615384616 0.20673076923076922 0.06129807692307692
2 0.43149038461538464 0.6129807692307693 0.20432692307692307 0.04807692307692308
2 0.3954326923076923 0.6995192307692307 0.2548076923076923 0.07211538461538461
2 0.33052884615384615 0.796875 0.21754807692307693 0.10576923076923077
2 0.25600961538461536 0.921875 0.27884615384615385 0.12620192307692307
2 0.8125 0.12740384615384615 0.14903846153846154 0.0625