0 0.8641826923076923 0.2247596153846154 0.2704326923076923 0.11057692307692307
0 0.6201923076923077 0.3137019230769231 0.140625 0.0889423076923077
0 0.96875 0.31850961538461536 0.057692307692307696 0.036057692307692304
0 0.8942307692307693 0.375 0.08173076923076923 0.06490384615384616
0 0.43028846153846156 0.4182692307692308 0.10817307692307693 0.05889423076923077
0 0.7692307692307693 0.41947115384615385 0.1201923076923077 0.08052884615384616
0 0.5853365384615384 0.4230769230769231 0.13341346153846154 0.08413461538461539
0 0.9206730769230769 0.4951923076923077 0.09975961538461539 0.07211538461538461
0 0.5853365384615384 0.5540865384615384 0.15865384615384615 0.10096153846153846
0 0.36778846153846156 0.5673076923076923 0.2439903846153846 0.1310096153846154
0 0.7980769230769231 0.5817307692307693 0.14302884615384615 0.0889423076923077
0 0.6766826923076923 0.6610576923076923 0.06370192307692307 0.04807692307692308
0 0.40384615384615385 0.6622596153846154 0.1622596153846154 0.04447115384615385
0 0.5877403846153846 0.6983173076923077 0.05048076923076923 0.026442307692307692
0 0.32091346153846156 0.7560096153846154 0.1875 0.12740384615384615
0 0.6165865384615384 0.7800480769230769 0.06850961538461539 0.030048076923076924
0 0.5024038461538461 0.7932692307692307 0.11778846153846154 0.13701923076923078
0 0.11658653846153846 0.7932692307692307 0.16466346153846154 0.13341346153846154
0 0.171875 0.9194711538461539 0.08413461538461539 0.046875