2 0.4951923076923077 0.4651442307692308 0.23677884615384615 0.06971153846153846
2 0.49759615384615385 0.5384615384615384 0.24278846153846154 0.052884615384615384
2 0.49158653846153844 0.6105769230769231 0.24158653846153846 0.0733173076923077
2 0.5673076923076923 0.0733173076923077 0.052884615384615384 0.028846153846153848
2 0.49038461538461536 0.6899038461538461 0.21634615384615385 0.06129807692307692
2 0.4855769230769231 0.7608173076923077 0.25 0.04807692307692308
2 0.47475961538461536 0.8233173076923077 0.16947115384615385 0.056490384615384616
2 0.4170673076923077 0.8966346153846154 0.1875 0.06971153846153846
2 0.5552884615384616 0.12379807692307693 0.06009615384615385 0.0625
2 0.5432692307692307 0.1935096153846154 0.12139423076923077 0.055288461538461536
2 0.5132211538461539 0.2536057692307692 0.14543269230769232 0.04567307692307692
2 0.5360576923076923 0.3245192307692308 0.07451923076923077 0.06610576923076923
2 0.4326923076923077 0.3401442307692308 0.07091346153846154 0.027644230769230768
2 0.5144230769230769 0.39302884615384615 0.23197115384615385 0.06009615384615385