2 0.45072115384615385 0.5625 0.24879807692307693 0.12860576923076922
2 0.28966346153846156 0.6177884615384616 0.04326923076923077 0.06971153846153846
2 0.453125 0.7055288461538461 0.265625 0.12620192307692307
2 0.6274038461538461 0.7283653846153846 0.052884615384615384 0.07932692307692307
2 0.2800480769230769 0.7524038461538461 0.057692307692307696 0.04807692307692308
2 0.43509615384615385 0.8233173076923077 0.24519230769230768 0.09134615384615384
2 0.2668269230769231 0.8317307692307693 0.0625 0.08533653846153846
2 0.421875 0.9314903846153846 0.22716346153846154 0.10216346153846154
2 0.25721153846153844 0.9362980769230769 0.07211538461538461 0.09495192307692307
2 0.5853365384615384 0.9507211538461539 0.025240384615384616 0.05048076923076923
2 0.5612980769230769 0.9879807692307693 0.03125 0.019230769230769232
2 0.5661057692307693 0.13942307692307693 0.4110576923076923 0.10697115384615384
2 0.3329326923076923 0.18028846153846154 0.038461538461538464 0.021634615384615384
2 0.75 0.234375 0.016826923076923076 0.042067307692307696
2 0.5288461538461539 0.25721153846153844 0.4098557692307692 0.1141826923076923
2 0.18990384615384615 0.28125 0.02403846153846154 0.03485576923076923
2 0.2920673076923077 0.3245192307692308 0.016826923076923076 0.03125
2 0.39903846153846156 0.036057692307692304 0.1310096153846154 0.06850961538461539
2 0.5072115384615384 0.40625 0.3918269230769231 0.15985576923076922
2 0.22355769230769232 0.4074519230769231 0.027644230769230768 0.036057692307692304
2 0.2848557692307692 0.4074519230769231 0.036057692307692304 0.08774038461538461
2 0.6033653846153846 0.04567307692307692 0.1935096153846154 0.039663461538461536