4 0.9182692307692307 0.28125 0.13942307692307693 0.20432692307692307
4 0.7848557692307693 0.3870192307692308 0.09014423076923077 0.2644230769230769
4 0.45913461538461536 0.43028846153846156 0.06610576923076923 0.15625
4 0.3870192307692308 0.45913461538461536 0.054086538461538464 0.17427884615384615
4 0.6778846153846154 0.5096153846153846 0.1141826923076923 0.22355769230769232
4 0.3245192307692308 0.5192307692307693 0.051682692307692304 0.20673076923076922
4 0.25841346153846156 0.5408653846153846 0.052884615384615384 0.18870192307692307
4 0.19591346153846154 0.5901442307692307 0.057692307692307696 0.20432692307692307
4 0.5540865384615384 0.6478365384615384 0.08173076923076923 0.19951923076923078
4 0.09014423076923077 0.6586538461538461 0.13221153846153846 0.18389423076923078
4 0.44350961538461536 0.7175480769230769 0.11538461538461539 0.21754807692307693
4 0.30528846153846156 0.734375 0.125 0.11057692307692307
4 0.19951923076923078 0.9074519230769231 0.33653846153846156 0.18028846153846154