4 0.9194711538461539 0.05889423076923077 0.15625 0.0985576923076923
4 0.6033653846153846 0.59375 0.27884615384615385 0.07211538461538461
4 0.6274038461538461 0.6838942307692307 0.3269230769230769 0.06370192307692307
4 0.5757211538461539 0.7536057692307693 0.31850961538461536 0.046875
4 0.8269230769230769 0.8173076923076923 0.11057692307692307 0.03365384615384615
4 0.43149038461538464 0.8197115384615384 0.09254807692307693 0.037259615384615384
4 0.5516826923076923 0.8822115384615384 0.21514423076923078 0.052884615384615384
4 0.5721153846153846 0.9771634615384616 0.29447115384615385 0.040865384615384616
4 0.9242788461538461 0.16947115384615385 0.10576923076923077 0.07451923076923077
4 0.6622596153846154 0.24158653846153846 0.25721153846153844 0.046875
4 0.5564903846153846 0.34134615384615385 0.18389423076923078 0.04927884615384615
4 0.6418269230769231 0.421875 0.33052884615384615 0.06370192307692307
4 0.6298076923076923 0.5 0.33052884615384615 0.0625
4 0.6862980769230769 0.054086538461538464 0.18509615384615385 0.0733173076923077