3 0.3737980769230769 0.35336538461538464 0.44591346153846156 0.12740384615384615
3 0.4543269230769231 0.4735576923076923 0.43990384615384615 0.06009615384615385
3 0.45913461538461536 0.5552884615384616 0.296875 0.051682692307692304
3 0.42908653846153844 0.6370192307692307 0.21394230769230768 0.04567307692307692
3 0.43149038461538464 0.7067307692307693 0.06490384615384616 0.04567307692307692
3 0.6526442307692307 0.7487980769230769 0.054086538461538464 0.07451923076923077
3 0.8209134615384616 0.8088942307692307 0.16947115384615385 0.33533653846153844
3 0.9675480769230769 0.8762019230769231 0.054086538461538464 0.18629807692307693
3 0.625 0.8942307692307693 0.15384615384615385 0.18990384615384615
3 0.2668269230769231 0.15144230769230768 0.39663461538461536 0.24639423076923078
3 0.5204326923076923 0.22716346153846154 0.04326923076923077 0.08533653846153846