3 0.9543269230769231 0.027644230769230768 0.07211538461538461 0.04807692307692308
3 0.8389423076923077 0.03245192307692308 0.11298076923076923 0.04807692307692308
3 0.7127403846153846 0.34134615384615385 0.039663461538461536 0.039663461538461536
3 0.49038461538461536 0.34375 0.0673076923076923 0.3161057692307692
3 0.6646634615384616 0.038461538461538464 0.12139423076923077 0.02403846153846154
3 0.6971153846153846 0.38822115384615385 0.039663461538461536 0.03365384615384615
3 0.6021634615384616 0.4074519230769231 0.12139423076923077 0.09975961538461539
3 0.8557692307692307 0.43028846153846156 0.11899038461538461 0.24639423076923078
3 0.421875 0.4951923076923077 0.04807692307692308 0.36778846153846156
3 0.5889423076923077 0.5 0.078125 0.030048076923076924
3 0.9663461538461539 0.5564903846153846 0.0625 0.20432692307692307
3 0.5576923076923077 0.5612980769230769 0.03245192307692308 0.02403846153846154
3 0.4891826923076923 0.578125 0.06490384615384616 0.08533653846153846
3 0.8882211538461539 0.6009615384615384 0.04326923076923077 0.04807692307692308
3 0.3473557692307692 0.6466346153846154 0.09975961538461539 0.2980769230769231
3 0.48197115384615385 0.6610576923076923 0.039663461538461536 0.036057692307692304
3 0.9375 0.7079326923076923 0.1201923076923077 0.07932692307692307
3 0.42427884615384615 0.7283653846153846 0.04326923076923077 0.042067307692307696
3 0.19471153846153846 0.7728365384615384 0.02403846153846154 0.026442307692307692
3 0.2536057692307692 0.7908653846153846 0.054086538461538464 0.26802884615384615
3 0.9723557692307693 0.7932692307692307 0.054086538461538464 0.07211538461538461
3 0.3269230769230769 0.8461538461538461 0.054086538461538464 0.0625
3 0.17427884615384615 0.8942307692307693 0.08052884615384616 0.1778846153846154
3 0.31009615384615385 0.9014423076923077 0.021634615384615384 0.015625
3 0.24879807692307693 0.9447115384615384 0.028846153846153848 0.02403846153846154
3 0.08653846153846154 0.9555288461538461 0.051682692307692304 0.06850961538461539
3 0.8737980769230769 0.1310096153846154 0.04567307692307692 0.07451923076923077
3 0.7463942307692307 0.18990384615384615 0.12139423076923077 0.20793269230769232
3 0.6009615384615384 0.21153846153846154 0.10216346153846154 0.24759615384615385