2 0.7067307692307693 0.2644230769230769 0.19951923076923078 0.08653846153846154
2 0.22235576923076922 0.29086538461538464 0.09495192307692307 0.04807692307692308
2 0.16105769230769232 0.35697115384615385 0.10216346153846154 0.04927884615384615
2 0.5889423076923077 0.039663461538461536 0.17307692307692307 0.06009615384615385
2 0.7391826923076923 0.38461538461538464 0.2644230769230769 0.1045673076923077
2 0.12860576923076922 0.40625 0.06370192307692307 0.040865384615384616
2 0.6466346153846154 0.5012019230769231 0.3545673076923077 0.08413461538461539
2 0.7175480769230769 0.6274038461538461 0.14423076923076922 0.07692307692307693
2 0.5132211538461539 0.6790865384615384 0.12620192307692307 0.051682692307692304
2 0.6935096153846154 0.7295673076923077 0.16105769230769232 0.07451923076923077
2 0.5348557692307693 0.8221153846153846 0.1814903846153846 0.05048076923076923
2 0.6959134615384616 0.8305288461538461 0.08774038461538461 0.06129807692307692
2 0.6165865384615384 0.8990384615384616 0.1502403846153846 0.02403846153846154
2 0.65625 0.9519230769230769 0.07451923076923077 0.03485576923076923
2 0.7019230769230769 0.1502403846153846 0.13942307692307693 0.11057692307692307