4 0.3425480769230769 0.5625 0.5829326923076923 0.07692307692307693
4 0.6814903846153846 0.6466346153846154 0.3293269230769231 0.06370192307692307
4 0.07211538461538461 0.7475961538461539 0.14423076923076922 0.038461538461538464
4 0.7307692307692307 0.7896634615384616 0.4014423076923077 0.07091346153846154
4 0.265625 0.9122596153846154 0.2439903846153846 0.06490384615384616
4 0.3076923076923077 0.12379807692307693 0.1935096153846154 0.04927884615384615
4 0.8317307692307693 0.13942307692307693 0.20192307692307693 0.07211538461538461
4 0.6153846153846154 0.21875 0.515625 0.0673076923076923
4 0.9507211538461539 0.2980769230769231 0.09375 0.052884615384615384
4 0.5709134615384616 0.3245192307692308 0.4014423076923077 0.07211538461538461
4 0.6370192307692307 0.040865384615384616 0.6658653846153846 0.07451923076923077
4 0.5576923076923077 0.44350961538461536 0.8545673076923077 0.1141826923076923