0 0.1622596153846154 0.21634615384615385 0.18028846153846154 0.028846153846153848
0 0.17307692307692307 0.25240384615384615 0.1814903846153846 0.028846153846153848
0 0.19230769230769232 0.28966346153846156 0.1935096153846154 0.025240384615384616
0 0.21033653846153846 0.328125 0.20552884615384615 0.036057692307692304
0 0.22716346153846154 0.3786057692307692 0.20673076923076922 0.04326923076923077
0 0.2403846153846154 0.43509615384615385 0.18870192307692307 0.054086538461538464
0 0.26322115384615385 0.49158653846153844 0.18028846153846154 0.04326923076923077
0 0.40024038461538464 0.5072115384615384 0.038461538461538464 0.1045673076923077
0 0.27884615384615385 0.5396634615384616 0.17548076923076922 0.03485576923076923
0 0.47115384615384615 0.5709134615384616 0.0625 0.04807692307692308
0 0.3125 0.5853365384615384 0.2091346153846154 0.037259615384615384
0 0.38822115384615385 0.6274038461538461 0.3076923076923077 0.03245192307692308
0 0.40865384615384615 0.6959134615384616 0.33774038461538464 0.08653846153846154
0 0.08533653846153846 0.07091346153846154 0.1310096153846154 0.11298076923076923
0 0.4326923076923077 0.7752403846153846 0.3629807692307692 0.052884615384615384
0 0.6634615384615384 0.7776442307692307 0.052884615384615384 0.046875
0 0.4579326923076923 0.8317307692307693 0.3245192307692308 0.038461538461538464
0 0.7019230769230769 0.8473557692307693 0.10216346153846154 0.078125
0 0.47596153846153844 0.8713942307692307 0.3125 0.025240384615384616
0 0.7848557692307693 0.890625 0.03485576923076923 0.06009615384615385
0 0.4951923076923077 0.90625 0.27403846153846156 0.02403846153846154
0 0.6935096153846154 0.9158653846153846 0.10096153846153846 0.036057692307692304
0 0.8401442307692307 0.9459134615384616 0.07211538461538461 0.042067307692307696
0 0.5216346153846154 0.9459134615384616 0.23798076923076922 0.02403846153846154
0 0.71875 0.9711538461538461 0.09735576923076923 0.046875
0 0.09615384615384616 0.14423076923076922 0.11177884615384616 0.018028846153846152
0 0.14182692307692307 0.17908653846153846 0.17427884615384615 0.028846153846153848