2 0.8497596153846154 0.3293269230769231 0.06850961538461539 0.027644230769230768
2 0.7608173076923077 0.3581730769230769 0.15865384615384615 0.028846153846153848
2 0.7211538461538461 0.4170673076923077 0.1310096153846154 0.06610576923076923
2 0.8425480769230769 0.4266826923076923 0.08173076923076923 0.07572115384615384
2 0.6670673076923077 0.47115384615384615 0.0625 0.018028846153846152
2 0.8786057692307693 0.49278846153846156 0.07932692307692307 0.020432692307692308
2 0.7007211538461539 0.5300480769230769 0.15865384615384615 0.07692307692307693
2 0.7776442307692307 0.6262019230769231 0.140625 0.0829326923076923
2 0.625 0.6322115384615384 0.12139423076923077 0.03485576923076923
2 0.7728365384615384 0.6911057692307693 0.1201923076923077 0.02403846153846154
2 0.6201923076923077 0.7247596153846154 0.07692307692307693 0.03125
2 0.7560096153846154 0.734375 0.15504807692307693 0.040865384615384616
2 0.6370192307692307 0.7776442307692307 0.17908653846153846 0.027644230769230768
2 0.5576923076923077 0.8173076923076923 0.13581730769230768 0.03125
2 0.15504807692307693 0.8617788461538461 0.1502403846153846 0.036057692307692304
2 0.6959134615384616 0.8689903846153846 0.056490384615384616 0.04927884615384615
2 0.5480769230769231 0.8846153846153846 0.18509615384615385 0.08653846153846154
2 0.34615384615384615 0.8990384615384616 0.19110576923076922 0.078125
2 0.19951923076923078 0.9038461538461539 0.08052884615384616 0.03485576923076923
2 0.5060096153846154 0.9543269230769231 0.04807692307692308 0.027644230769230768
2 0.3737980769230769 0.9567307692307693 0.04567307692307692 0.019230769230769232
2 0.8689903846153846 0.12379807692307693 0.0829326923076923 0.03125
2 0.7427884615384616 0.203125 0.09975961538461539 0.07692307692307693
2 0.8557692307692307 0.20432692307692307 0.06971153846153846 0.06850961538461539
2 0.8581730769230769 0.2764423076923077 0.04447115384615385 0.051682692307692304
2 0.7103365384615384 0.2956730769230769 0.06850961538461539 0.0733173076923077