1 0.43990384615384615 0.6346153846153846 0.08653846153846154 0.5889423076923077
1 0.5300480769230769 0.6730769230769231 0.0673076923076923 0.4963942307692308
1 0.6105769230769231 0.7427884615384616 0.078125 0.4831730769230769
1 0.6995192307692307 0.7644230769230769 0.08413461538461539 0.36778846153846156
1 0.78125 0.8197115384615384 0.06610576923076923 0.29927884615384615
1 0.8641826923076923 0.8834134615384616 0.07451923076923077 0.203125
1 0.9579326923076923 0.9050480769230769 0.08173076923076923 0.18870192307692307
1 0.6550480769230769 0.18269230769230768 0.35216346153846156 0.24639423076923078
1 0.026442307692307692 0.4026442307692308 0.037259615384615384 0.6370192307692307
1 0.16105769230769232 0.5336538461538461 0.2091346153846154 0.6442307692307693
1 0.3329326923076923 0.6021634615384616 0.11298076923076923 0.6634615384615384