3 0.24639423076923078 0.027644230769230768 0.18509615384615385 0.051682692307692304
3 0.40384615384615385 0.29447115384615385 0.171875 0.040865384615384616
3 0.7079326923076923 0.30408653846153844 0.052884615384615384 0.07572115384615384
3 0.33533653846153844 0.3389423076923077 0.021634615384615384 0.021634615384615384
3 0.4266826923076923 0.35697115384615385 0.11899038461538461 0.057692307692307696
3 0.9783653846153846 0.42908653846153844 0.042067307692307696 0.13822115384615385
3 0.4338942307692308 0.44471153846153844 0.0889423076923077 0.0625
3 0.7211538461538461 0.4639423076923077 0.1502403846153846 0.19591346153846154
3 0.4855769230769231 0.5360576923076923 0.0733173076923077 0.06971153846153846
3 0.5084134615384616 0.6237980769230769 0.09134615384615384 0.040865384615384616
3 0.7427884615384616 0.6478365384615384 0.10096153846153846 0.140625
3 0.5300480769230769 0.6875 0.07091346153846154 0.04927884615384615
3 0.5348557692307693 0.7596153846153846 0.054086538461538464 0.05889423076923077
3 0.7475961538461539 0.7980769230769231 0.11298076923076923 0.13221153846153846
3 0.5132211538461539 0.8509615384615384 0.036057692307692304 0.08052884615384616
3 0.71875 0.9375 0.08653846153846154 0.09495192307692307
3 0.27163461538461536 0.09615384615384616 0.1502403846153846 0.0673076923076923
3 0.48677884615384615 0.9411057692307693 0.028846153846153848 0.07211538461538461
3 0.2776442307692308 0.15865384615384615 0.057692307692307696 0.027644230769230768
3 0.6141826923076923 0.18389423076923078 0.1141826923076923 0.33533653846153844
3 0.31850961538461536 0.21995192307692307 0.10697115384615384 0.07451923076923077