0 0.5673076923076923 0.23918269230769232 0.06129807692307692 0.14182692307692307
0 0.3137019230769231 0.2403846153846154 0.39783653846153844 0.06009615384615385
0 0.6682692307692307 0.30528846153846156 0.09375 0.12139423076923077
0 0.3701923076923077 0.33052884615384615 0.32211538461538464 0.0829326923076923
0 0.6838942307692307 0.421875 0.037259615384615384 0.0733173076923077
0 0.45552884615384615 0.4254807692307692 0.359375 0.07692307692307693
0 0.7872596153846154 0.47836538461538464 0.07572115384615384 0.1201923076923077
0 0.5336538461538461 0.515625 0.39663461538461536 0.0829326923076923
0 0.5637019230769231 0.6177884615384616 0.27163461538461536 0.07572115384615384
0 0.5757211538461539 0.7139423076923077 0.15264423076923078 0.06971153846153846
0 0.8329326923076923 0.7764423076923077 0.13221153846153846 0.4423076923076923
0 0.75 0.7896634615384616 0.026442307692307692 0.31009615384615385
0 0.13822115384615385 0.0985576923076923 0.18028846153846154 0.1971153846153846
0 0.38221153846153844 0.10096153846153846 0.16105769230769232 0.14543269230769232