2 0.578125 0.21995192307692307 0.2536057692307692 0.0733173076923077
2 0.5132211538461539 0.29447115384615385 0.31971153846153844 0.04927884615384615
2 0.8161057692307693 0.03365384615384615 0.26802884615384615 0.06009615384615385
2 0.5 0.36658653846153844 0.34615384615384615 0.07211538461538461
2 0.4651442307692308 0.4807692307692308 0.22355769230769232 0.1141826923076923
2 0.25961538461538464 0.49759615384615385 0.1141826923076923 0.04567307692307692
2 0.19471153846153846 0.5408653846153846 0.2512019230769231 0.04567307692307692
2 0.34615384615384615 0.6262019230769231 0.23317307692307693 0.07091346153846154
2 0.11057692307692307 0.6682692307692307 0.20673076923076922 0.06009615384615385
2 0.19951923076923078 0.75 0.34975961538461536 0.0829326923076923
2 0.8064903846153846 0.078125 0.33653846153846156 0.040865384615384616
2 0.1622596153846154 0.8293269230769231 0.28846153846153844 0.038461538461538464
2 0.05889423076923077 0.8870192307692307 0.11778846153846154 0.05048076923076923
2 0.6069711538461539 0.13822115384615385 0.27524038461538464 0.057692307692307696