2 0.49038461538461536 0.6009615384615384 0.15745192307692307 0.08774038461538461
2 0.42788461538461536 0.7151442307692307 0.140625 0.10096153846153846
2 0.3786057692307692 0.8161057692307693 0.14783653846153846 0.056490384615384616
2 0.32572115384615385 0.9194711538461539 0.09375 0.078125
2 0.7391826923076923 0.109375 0.030048076923076924 0.06370192307692307
2 0.71875 0.18269230769230768 0.13701923076923078 0.04927884615384615
2 0.8149038461538461 0.23557692307692307 0.037259615384615384 0.03245192307692308
2 0.6923076923076923 0.2439903846153846 0.15625 0.057692307692307696
2 0.6742788461538461 0.3016826923076923 0.17427884615384615 0.05048076923076923
2 0.6394230769230769 0.36899038461538464 0.1814903846153846 0.055288461538461536
2 0.5793269230769231 0.4362980769230769 0.20552884615384615 0.051682692307692304
2 0.5576923076923077 0.5144230769230769 0.16826923076923078 0.056490384615384616