3 0.4699519230769231 0.5961538461538461 0.010817307692307692 0.0625
3 0.17307692307692307 0.6033653846153846 0.078125 0.1502403846153846
3 0.4483173076923077 0.16706730769230768 0.014423076923076924 0.04927884615384615
3 0.4723557692307692 0.3269230769230769 0.009615384615384616 0.40384615384615385
3 0.8425480769230769 0.3629807692307692 0.08774038461538461 0.7259615384615384
3 0.6778846153846154 0.38341346153846156 0.22115384615384615 0.7668269230769231
3 0.3233173076923077 0.38461538461538464 0.028846153846153848 0.15264423076923078
3 0.9170673076923077 0.4098557692307692 0.037259615384615384 0.5757211538461539
3 0.546875 0.040865384615384616 0.013221153846153846 0.046875
3 0.5204326923076923 0.4362980769230769 0.0733173076923077 0.7331730769230769
3 0.9591346153846154 0.45552884615384615 0.03365384615384615 0.5132211538461539
3 0.36177884615384615 0.46274038461538464 0.04447115384615385 0.39663461538461536
3 0.42427884615384615 0.47836538461538464 0.054086538461538464 0.546875
3 0.9879807692307693 0.49038461538461536 0.007211538461538462 0.40625
3 0.19110576923076922 0.49038461538461536 0.018028846153846152 0.028846153846153848