2 0.2692307692307692 0.16466346153846154 0.03245192307692308 0.025240384615384616
1 0.828125 0.16466346153846154 0.21033653846153846 0.06490384615384616
2 0.38461538461538464 0.21153846153846154 0.18870192307692307 0.036057692307692304
2 0.24639423076923078 0.2439903846153846 0.07692307692307693 0.027644230769230768
1 0.8425480769230769 0.25 0.20673076923076922 0.07692307692307693
2 0.3762019230769231 0.30528846153846156 0.21754807692307693 0.04927884615384615
1 0.8677884615384616 0.33052884615384615 0.19831730769230768 0.04807692307692308
2 0.4014423076923077 0.37740384615384615 0.17908653846153846 0.052884615384615384
1 0.875 0.4026442307692308 0.2127403846153846 0.051682692307692304
2 0.4110576923076923 0.44711538461538464 0.22596153846153846 0.04447115384615385
1 0.8774038461538461 0.46153846153846156 0.203125 0.039663461538461536
2 0.43990384615384615 0.5084134615384616 0.21033653846153846 0.04567307692307692
1 0.8641826923076923 0.5372596153846154 0.24158653846153846 0.07692307692307693
2 0.4807692307692308 0.5853365384615384 0.20673076923076922 0.0673076923076923
1 0.8942307692307693 0.6045673076923077 0.1622596153846154 0.037259615384615384
2 0.53125 0.6526442307692307 0.16947115384615385 0.04326923076923077
1 0.9134615384615384 0.6574519230769231 0.09495192307692307 0.039663461538461536
2 0.5552884615384616 0.7331730769230769 0.17067307692307693 0.037259615384615384
2 0.5865384615384616 0.7980769230769231 0.16706730769230768 0.04567307692307692
2 0.6141826923076923 0.859375 0.14182692307692307 0.03365384615384615
2 0.5612980769230769 0.9086538461538461 0.003605769230769231 0.018028846153846152
2 0.31971153846153844 0.11298076923076923 0.09014423076923077 0.03125