4 0.28846153846153844 0.17307692307692307 0.036057692307692304 0.038461538461538464
4 0.171875 0.19110576923076922 0.06009615384615385 0.04927884615384615
4 0.35096153846153844 0.2644230769230769 0.04927884615384615 0.08533653846153846
4 0.23918269230769232 0.2644230769230769 0.05889423076923077 0.07572115384615384
4 0.40625 0.29927884615384615 0.03365384615384615 0.05889423076923077
4 0.29086538461538464 0.328125 0.039663461538461536 0.04447115384615385
4 0.36177884615384615 0.33653846153846156 0.03245192307692308 0.03485576923076923
4 0.4699519230769231 0.35216346153846156 0.03245192307692308 0.046875
4 0.41586538461538464 0.37259615384615385 0.06490384615384616 0.08413461538461539
4 0.2620192307692308 0.40625 0.018028846153846152 0.04567307692307692
4 0.5132211538461539 0.4326923076923077 0.03125 0.0625
4 0.5504807692307693 0.44350961538461536 0.03245192307692308 0.09975961538461539
4 0.40625 0.45072115384615385 0.02403846153846154 0.040865384615384616
4 0.30649038461538464 0.4651442307692308 0.040865384615384616 0.055288461538461536
4 0.5853365384615384 0.4807692307692308 0.028846153846153848 0.09375
4 0.6274038461538461 0.5216346153846154 0.040865384615384616 0.06490384615384616
4 0.6935096153846154 0.53125 0.026442307692307692 0.040865384615384616
4 0.35096153846153844 0.5324519230769231 0.025240384615384616 0.1045673076923077
4 0.4423076923076923 0.5408653846153846 0.046875 0.07692307692307693
4 0.5072115384615384 0.5420673076923077 0.030048076923076924 0.0673076923076923
4 0.6526442307692307 0.5697115384615384 0.01201923076923077 0.03365384615384615
4 0.38822115384615385 0.5901442307692307 0.03125 0.06971153846153846
4 0.5480769230769231 0.5925480769230769 0.03245192307692308 0.06850961538461539
4 0.4855769230769231 0.6141826923076923 0.026442307692307692 0.057692307692307696
4 0.5853365384615384 0.6237980769230769 0.025240384615384616 0.06610576923076923
4 0.4338942307692308 0.6430288461538461 0.037259615384615384 0.05048076923076923
4 0.6490384615384616 0.6899038461538461 0.019230769230769232 0.052884615384615384
4 0.5528846153846154 0.6911057692307693 0.03125 0.039663461538461536
4 0.49038461538461536 0.7139423076923077 0.037259615384615384 0.039663461538461536
4 0.6129807692307693 0.7548076923076923 0.02283653846153846 0.07211538461538461
4 0.6838942307692307 0.8004807692307693 0.020432692307692308 0.09615384615384616
4 0.6502403846153846 0.8016826923076923 0.036057692307692304 0.1466346153846154
4 0.6009615384615384 0.8209134615384616 0.040865384615384616 0.039663461538461536
4 0.7115384615384616 0.8365384615384616 0.020432692307692308 0.03365384615384615
4 0.7427884615384616 0.8701923076923077 0.026442307692307692 0.038461538461538464
4 0.6838942307692307 0.8846153846153846 0.02283653846153846 0.04807692307692308
4 0.7091346153846154 0.9158653846153846 0.01201923076923077 0.03245192307692308
4 0.24639423076923078 0.12259615384615384 0.036057692307692304 0.021634615384615384
4 0.125 0.12620192307692307 0.037259615384615384 0.026442307692307692