0 0.3737980769230769 0.15745192307692307 0.7475961538461539 0.15504807692307693
0 0.4375 0.2860576923076923 0.7908653846153846 0.078125
0 0.4831730769230769 0.35336538461538464 0.5372596153846154 0.039663461538461536
0 0.5060096153846154 0.4362980769230769 0.7824519230769231 0.1141826923076923
0 0.40865384615384615 0.052884615384615384 0.06129807692307692 0.042067307692307696
0 0.5492788461538461 0.5516826923076923 0.7776442307692307 0.0889423076923077
0 0.21754807692307693 0.06009615384615385 0.07692307692307693 0.027644230769230768
0 0.578125 0.6574519230769231 0.7439903846153846 0.08413461538461539
0 0.6045673076923077 0.7740384615384616 0.6814903846153846 0.11778846153846154
0 0.8822115384615384 0.8966346153846154 0.07692307692307693 0.0673076923076923
0 0.6911057692307693 0.9074519230769231 0.14423076923076922 0.10576923076923077
0 0.41586538461538464 0.9146634615384616 0.18990384615384615 0.1201923076923077
0 0.5685096153846154 0.9194711538461539 0.07932692307692307 0.12860576923076922