3 0.8064903846153846 0.171875 0.03245192307692308 0.04927884615384615
3 0.8689903846153846 0.17668269230769232 0.040865384615384616 0.046875
3 0.796875 0.23317307692307693 0.04807692307692308 0.03365384615384615
3 0.7560096153846154 0.2848557692307692 0.054086538461538464 0.02283653846153846
3 0.5264423076923077 0.3088942307692308 0.046875 0.046875
3 0.7331730769230769 0.3293269230769231 0.03245192307692308 0.037259615384615384
3 0.4026442307692308 0.3329326923076923 0.04807692307692308 0.028846153846153848
3 0.4639423076923077 0.38100961538461536 0.03485576923076923 0.042067307692307696
3 0.7764423076923077 0.038461538461538464 0.0673076923076923 0.038461538461538464
3 0.9435096153846154 0.051682692307692304 0.07692307692307693 0.04567307692307692
3 0.18509615384615385 0.5192307692307693 0.027644230769230768 0.03365384615384615
3 0.5420673076923077 0.578125 0.036057692307692304 0.019230769230769232
3 0.5456730769230769 0.6274038461538461 0.02283653846153846 0.026442307692307692
3 0.4951923076923077 0.6514423076923077 0.05048076923076923 0.078125
3 0.07451923076923077 0.6875 0.040865384615384616 0.028846153846153848
3 0.8689903846153846 0.7043269230769231 0.0625 0.06850961538461539
3 0.22235576923076922 0.7079326923076923 0.04567307692307692 0.04807692307692308
3 0.33413461538461536 0.7091346153846154 0.03125 0.05048076923076923
3 0.43990384615384615 0.7139423076923077 0.040865384615384616 0.04567307692307692
3 0.03485576923076923 0.7427884615384616 0.04326923076923077 0.05889423076923077
3 0.28725961538461536 0.7584134615384616 0.037259615384615384 0.055288461538461536
3 0.23317307692307693 0.7692307692307693 0.042067307692307696 0.037259615384615384
3 0.703125 0.07932692307692307 0.03365384615384615 0.04567307692307692
3 0.9350961538461539 0.8100961538461539 0.03485576923076923 0.08052884615384616
3 0.23197115384615385 0.828125 0.036057692307692304 0.03365384615384615
3 0.14543269230769232 0.8317307692307693 0.055288461538461536 0.037259615384615384
3 0.8269230769230769 0.8317307692307693 0.05889423076923077 0.04927884615384615
3 0.5757211538461539 0.8485576923076923 0.07692307692307693 0.04567307692307692
3 0.7740384615384616 0.8605769230769231 0.040865384615384616 0.038461538461538464
3 0.20552884615384615 0.8617788461538461 0.010817307692307692 0.025240384615384616
3 0.7235576923076923 0.8798076923076923 0.03485576923076923 0.04567307692307692
3 0.15865384615384615 0.8810096153846154 0.037259615384615384 0.03245192307692308
3 0.10336538461538461 0.8882211538461539 0.04326923076923077 0.06610576923076923
3 0.6670673076923077 0.9146634615384616 0.052884615384615384 0.042067307692307696
3 0.055288461538461536 0.9471153846153846 0.042067307692307696 0.04567307692307692
3 0.6009615384615384 0.9495192307692307 0.040865384615384616 0.037259615384615384
3 0.5420673076923077 0.9795673076923077 0.04807692307692308 0.030048076923076924
3 0.8882211538461539 0.11538461538461539 0.06610576923076923 0.054086538461538464