0 0.984375 0.2692307692307692 0.014423076923076924 0.07451923076923077
0 0.8125 0.296875 0.02403846153846154 0.046875
0 0.8990384615384616 0.3016826923076923 0.04567307692307692 0.09134615384615384
0 0.7247596153846154 0.32211538461538464 0.03245192307692308 0.057692307692307696
0 0.8581730769230769 0.5360576923076923 0.24639423076923078 0.31009615384615385
0 0.6682692307692307 0.5492788461538461 0.11177884615384616 0.3641826923076923
0 0.3762019230769231 0.5673076923076923 0.11899038461538461 0.41466346153846156
0 0.5637019230769231 0.5673076923076923 0.07211538461538461 0.3605769230769231
0 0.4831730769230769 0.5709134615384616 0.07091346153846154 0.36778846153846156
0 0.11899038461538461 0.5949519230769231 0.21514423076923078 0.4879807692307692
0 0.2692307692307692 0.5961538461538461 0.07091346153846154 0.43149038461538464