2 0.15144230769230768 0.2824519230769231 0.140625 0.057692307692307696
2 0.24879807692307693 0.4014423076923077 0.484375 0.14543269230769232
2 0.546875 0.41225961538461536 0.09495192307692307 0.08052884615384616
2 0.6213942307692307 0.5012019230769231 0.19591346153846154 0.06129807692307692
2 0.2764423076923077 0.5036057692307693 0.42427884615384615 0.04326923076923077
2 0.5997596153846154 0.5829326923076923 0.24879807692307693 0.06971153846153846
2 0.3329326923076923 0.5997596153846154 0.23557692307692307 0.10817307692307693
2 0.6418269230769231 0.6526442307692307 0.24519230769230768 0.03485576923076923
2 0.7163461538461539 0.7091346153846154 0.19831730769230768 0.046875
2 0.8762019230769231 0.7223557692307693 0.12139423076923077 0.07211538461538461
2 0.7704326923076923 0.796875 0.15144230769230768 0.06009615384615385
2 0.5096153846153846 0.8341346153846154 0.16826923076923078 0.08052884615384616