4 0.515625 0.4230769230769231 0.37740384615384615 0.040865384615384616
4 0.49399038461538464 0.49158653846153844 0.3329326923076923 0.05889423076923077
4 0.5540865384615384 0.5685096153846154 0.29927884615384615 0.040865384615384616
4 0.5228365384615384 0.6358173076923077 0.2439903846153846 0.06009615384615385
4 0.5949519230769231 0.6959134615384616 0.2776442307692308 0.036057692307692304
4 0.46274038461538464 0.7752403846153846 0.23317307692307693 0.042067307692307696
4 0.5132211538461539 0.8389423076923077 0.26322115384615385 0.025240384615384616
4 0.6826923076923077 0.9519230769230769 0.38100961538461536 0.07692307692307693
4 0.453125 0.020432692307692308 0.25240384615384615 0.037259615384615384
4 0.3737980769230769 0.1814903846153846 0.2776442307692308 0.0829326923076923
4 0.46634615384615385 0.3293269230769231 0.38822115384615385 0.11057692307692307