2 0.46634615384615385 0.2704326923076923 0.11298076923076923 0.05048076923076923
2 0.7596153846153846 0.27403846153846156 0.036057692307692304 0.030048076923076924
2 0.6862980769230769 0.27884615384615385 0.03365384615384615 0.040865384615384616
2 0.5853365384615384 0.2932692307692308 0.030048076923076924 0.03245192307692308
2 0.49759615384615385 0.33052884615384615 0.07692307692307693 0.04567307692307692
2 0.6009615384615384 0.33533653846153844 0.040865384615384616 0.020432692307692308
2 0.7788461538461539 0.34375 0.027644230769230768 0.03485576923076923
2 0.7019230769230769 0.3798076923076923 0.04447115384615385 0.04567307692307692
2 0.515625 0.4014423076923077 0.10336538461538461 0.08413461538461539
2 0.734375 0.44350961538461536 0.07932692307692307 0.030048076923076924
2 0.7680288461538461 0.5 0.06370192307692307 0.040865384615384616
2 0.5564903846153846 0.5060096153846154 0.07211538461538461 0.03485576923076923
2 0.5973557692307693 0.5444711538461539 0.11298076923076923 0.026442307692307692
2 0.8161057692307693 0.5829326923076923 0.03365384615384615 0.04567307692307692
2 0.5817307692307693 0.6081730769230769 0.051682692307692304 0.03125
2 0.7776442307692307 0.6117788461538461 0.04447115384615385 0.03485576923076923
2 0.6658653846153846 0.6394230769230769 0.05048076923076923 0.03365384615384615
2 0.6033653846153846 0.6502403846153846 0.04567307692307692 0.02403846153846154
2 0.8040865384615384 0.6526442307692307 0.036057692307692304 0.030048076923076924
2 0.7860576923076923 0.6911057692307693 0.038461538461538464 0.03485576923076923
2 0.8413461538461539 0.6923076923076923 0.039663461538461536 0.027644230769230768
2 0.6213942307692307 0.734375 0.07572115384615384 0.039663461538461536
2 0.6286057692307693 0.7716346153846154 0.037259615384615384 0.019230769230769232
2 0.8149038461538461 0.7944711538461539 0.04567307692307692 0.026442307692307692
2 0.35096153846153844 0.08052884615384616 0.07211538461538461 0.036057692307692304
2 0.6826923076923077 0.8040865384615384 0.11899038461538461 0.03245192307692308
2 0.8581730769230769 0.8377403846153846 0.056490384615384616 0.03245192307692308
2 0.6454326923076923 0.8581730769230769 0.04447115384615385 0.051682692307692304
2 0.7259615384615384 0.8629807692307693 0.06129807692307692 0.055288461538461536
2 0.8533653846153846 0.8882211538461539 0.02283653846153846 0.013221153846153846
2 0.7632211538461539 0.9350961538461539 0.06971153846153846 0.09254807692307693
2 0.6057692307692307 0.11298076923076923 0.030048076923076924 0.04927884615384615
2 0.7079326923076923 0.1466346153846154 0.015625 0.019230769230769232
2 0.44350961538461536 0.14783653846153846 0.10817307692307693 0.057692307692307696
2 0.7319711538461539 0.18509615384615385 0.030048076923076924 0.027644230769230768
2 0.4362980769230769 0.2247596153846154 0.038461538461538464 0.026442307692307692
2 0.7379807692307693 0.23557692307692307 0.03245192307692308 0.03365384615384615