0 0.9230769230769231 0.23677884615384615 0.07451923076923077 0.05048076923076923
0 0.8377403846153846 0.28365384615384615 0.06610576923076923 0.057692307692307696
0 0.7199519230769231 0.3245192307692308 0.07451923076923077 0.0889423076923077
0 0.6490384615384616 0.3293269230769231 0.039663461538461536 0.04447115384615385
0 0.9435096153846154 0.3786057692307692 0.051682692307692304 0.09495192307692307
0 0.8545673076923077 0.42908653846153844 0.09975961538461539 0.09254807692307693
0 0.4182692307692308 0.43990384615384615 0.06971153846153846 0.07091346153846154
0 0.5084134615384616 0.4495192307692308 0.09375 0.09375
0 0.7584134615384616 0.4951923076923077 0.06009615384615385 0.07091346153846154
0 0.3942307692307692 0.5264423076923077 0.07451923076923077 0.056490384615384616
0 0.29086538461538464 0.5420673076923077 0.052884615384615384 0.03365384615384615
0 0.41466346153846156 0.5721153846153846 0.040865384615384616 0.030048076923076924
0 0.7127403846153846 0.5721153846153846 0.04447115384615385 0.046875
0 0.6310096153846154 0.578125 0.08653846153846154 0.055288461538461536
0 0.3473557692307692 0.6069711538461539 0.057692307692307696 0.07572115384615384
0 0.1310096153846154 0.6274038461538461 0.08533653846153846 0.06490384615384616
0 0.5649038461538461 0.6538461538461539 0.051682692307692304 0.08173076923076923
0 0.28846153846153844 0.6610576923076923 0.040865384615384616 0.04927884615384615
0 0.22596153846153846 0.6622596153846154 0.055288461538461536 0.07572115384615384
0 0.46274038461538464 0.7127403846153846 0.10096153846153846 0.08653846153846154
0 0.1814903846153846 0.7331730769230769 0.04567307692307692 0.036057692307692304
0 0.0625 0.7367788461538461 0.1141826923076923 0.11057692307692307
0 0.24879807692307693 0.8485576923076923 0.057692307692307696 0.0733173076923077
0 0.1622596153846154 0.8533653846153846 0.07091346153846154 0.04927884615384615