0 0.3473557692307692 0.4098557692307692 0.2439903846153846 0.8004807692307693
0 0.13822115384615385 0.5048076923076923 0.11057692307692307 0.13341346153846154
0 0.5 0.5841346153846154 0.046875 0.7788461538461539
0 0.5697115384615384 0.5961538461538461 0.05889423076923077 0.6358173076923077
0 0.16706730769230768 0.6838942307692307 0.08774038461538461 0.171875
0 0.6237980769230769 0.7560096153846154 0.026442307692307692 0.36538461538461536
0 0.6790865384615384 0.7692307692307693 0.030048076923076924 0.43028846153846156
0 0.7211538461538461 0.8329326923076923 0.036057692307692304 0.3329326923076923
0 0.20673076923076922 0.8581730769230769 0.03365384615384615 0.0985576923076923
0 0.43149038461538464 0.875 0.014423076923076924 0.08173076923076923
0 0.11778846153846154 0.22355769230769232 0.16826923076923078 0.38221153846153844