4 0.5168269230769231 0.453125 0.17427884615384615 0.07932692307692307
4 0.65625 0.5769230769230769 0.1346153846153846 0.057692307692307696
4 0.5228365384615384 0.6586538461538461 0.14903846153846154 0.05048076923076923
4 0.5024038461538461 0.7752403846153846 0.16105769230769232 0.13942307692307693
4 0.4807692307692308 0.90625 0.15384615384615385 0.07211538461538461
4 0.6466346153846154 0.10817307692307693 0.20673076923076922 0.21634615384615385
4 0.8677884615384616 0.13942307692307693 0.09975961538461539 0.056490384615384616
4 0.6033653846153846 0.265625 0.20552884615384615 0.06850961538461539
4 0.7692307692307693 0.31009615384615385 0.078125 0.08173076923076923
4 0.5588942307692307 0.3581730769230769 0.15264423076923078 0.06129807692307692
4 0.8629807692307693 0.039663461538461536 0.0889423076923077 0.06610576923076923