2 0.7764423076923077 0.21754807692307693 0.23557692307692307 0.03245192307692308
2 0.5480769230769231 0.22235576923076922 0.036057692307692304 0.021634615384615384
2 0.5925480769230769 0.2512019230769231 0.14543269230769232 0.028846153846153848
2 0.7668269230769231 0.25721153846153844 0.16346153846153846 0.03125
2 0.7379807692307693 0.2920673076923077 0.10216346153846154 0.030048076923076924
2 0.7235576923076923 0.3269230769230769 0.18990384615384615 0.028846153846153848
2 0.7403846153846154 0.3545673076923077 0.11778846153846154 0.018028846153846152
2 0.5673076923076923 0.3786057692307692 0.20072115384615385 0.06129807692307692
2 0.6887019230769231 0.4567307692307692 0.03125 0.028846153846153848
2 0.6262019230769231 0.4639423076923077 0.07211538461538461 0.06850961538461539
2 0.47836538461538464 0.5 0.1875 0.06610576923076923
2 0.5324519230769231 0.5805288461538461 0.06850961538461539 0.056490384615384616
2 0.41346153846153844 0.6069711538461539 0.11778846153846154 0.03245192307692308
2 0.4230769230769231 0.640625 0.027644230769230768 0.018028846153846152
2 0.32211538461538464 0.6502403846153846 0.1310096153846154 0.036057692307692304
2 0.8822115384615384 0.06850961538461539 0.234375 0.11778846153846154
2 0.4362980769230769 0.6923076923076923 0.06971153846153846 0.04927884615384615
2 0.3173076923076923 0.7091346153846154 0.06971153846153846 0.030048076923076924
2 0.2956730769230769 0.7632211538461539 0.1141826923076923 0.04927884615384615
2 0.24879807692307693 0.8161057692307693 0.1310096153846154 0.04447115384615385
2 0.2127403846153846 0.8629807692307693 0.11538461538461539 0.04326923076923077
2 0.19230769230769232 0.9074519230769231 0.1141826923076923 0.03125
2 0.16105769230769232 0.9471153846153846 0.07572115384615384 0.028846153846153848
2 0.703125 0.10817307692307693 0.0733173076923077 0.040865384615384616
2 0.7728365384615384 0.14543269230769232 0.2283653846153846 0.018028846153846152
2 0.7788461538461539 0.17307692307692307 0.21634615384615385 0.030048076923076924