2 0.4483173076923077 0.3629807692307692 0.3545673076923077 0.07932692307692307
2 0.4483173076923077 0.44591346153846156 0.2536057692307692 0.0625
2 0.6394230769230769 0.48197115384615385 0.06370192307692307 0.12259615384615384
2 0.5168269230769231 0.051682692307692304 0.31490384615384615 0.09134615384615384
2 0.43509615384615385 0.5348557692307693 0.27524038461538464 0.08533653846153846
2 0.20673076923076922 0.057692307692307696 0.2644230769230769 0.0889423076923077
2 0.46634615384615385 0.6057692307692307 0.2548076923076923 0.03245192307692308
2 0.49399038461538464 0.6658653846153846 0.3641826923076923 0.06009615384615385
2 0.5913461538461539 0.7932692307692307 0.20552884615384615 0.15625
2 0.3545673076923077 0.1622596153846154 0.39783653846153844 0.09975961538461539
2 0.4375 0.26802884615384615 0.3641826923076923 0.0889423076923077