3 0.41947115384615385 0.2620192307692308 0.09014423076923077 0.2403846153846154
3 0.9074519230769231 0.29086538461538464 0.039663461538461536 0.06370192307692307
3 0.6862980769230769 0.31490384615384615 0.3173076923076923 0.13221153846153846
3 0.7091346153846154 0.46153846153846156 0.08653846153846154 0.12259615384615384
3 0.29447115384615385 0.5228365384615384 0.10096153846153846 0.40865384615384615
3 0.5024038461538461 0.5516826923076923 0.21033653846153846 0.3125
3 0.14423076923076922 0.6298076923076923 0.13701923076923078 0.27163461538461536
3 0.3629807692307692 0.7860576923076923 0.20793269230769232 0.08052884615384616
3 0.12259615384615384 0.8894230769230769 0.203125 0.20192307692307693
3 0.3112980769230769 0.9086538461538461 0.09014423076923077 0.14543269230769232
3 0.7223557692307693 0.12740384615384615 0.4699519230769231 0.21514423076923078