4 0.5024038461538461 0.3173076923076923 0.18509615384615385 0.07451923076923077
4 0.18389423076923078 0.31850961538461536 0.28365384615384615 0.09735576923076923
4 0.4795673076923077 0.42427884615384615 0.41466346153846156 0.10576923076923077
4 0.3581730769230769 0.04807692307692308 0.4026442307692308 0.07211538461538461
4 0.5120192307692307 0.5144230769230769 0.14423076923076922 0.040865384615384616
4 0.4987980769230769 0.6153846153846154 0.4338942307692308 0.11057692307692307
4 0.5048076923076923 0.7247596153846154 0.6057692307692307 0.08533653846153846
4 0.5336538461538461 0.8329326923076923 0.6105769230769231 0.09014423076923077
4 0.5721153846153846 0.9519230769230769 0.5829326923076923 0.09495192307692307
4 0.2956730769230769 0.13942307692307693 0.5072115384615384 0.07211538461538461
4 0.31009615384615385 0.23317307692307693 0.5348557692307693 0.06129807692307692