2 0.8966346153846154 0.15144230769230768 0.12379807692307693 0.05889423076923077
2 0.7848557692307693 0.2536057692307692 0.21394230769230768 0.06009615384615385
2 0.7560096153846154 0.31490384615384615 0.33413461538461536 0.04447115384615385
2 0.49399038461538464 0.35096153846153844 0.16466346153846154 0.04567307692307692
2 0.5504807692307693 0.4254807692307692 0.21754807692307693 0.04927884615384615
2 0.28966346153846156 0.4567307692307692 0.21033653846153846 0.052884615384615384
2 0.4026442307692308 0.5348557692307693 0.23798076923076922 0.03125
2 0.125 0.5504807692307693 0.1935096153846154 0.06370192307692307
2 0.14423076923076922 0.6430288461538461 0.27283653846153844 0.054086538461538464
2 0.09375 0.7728365384615384 0.15264423076923078 0.0829326923076923
2 0.11298076923076923 0.875 0.21033653846153846 0.0673076923076923