4 0.4879807692307692 0.46274038461538464 0.203125 0.056490384615384616
4 0.5528846153846154 0.5564903846153846 0.17427884615384615 0.08653846153846154
4 0.5913461538461539 0.6430288461538461 0.2512019230769231 0.08173076923076923
4 0.6310096153846154 0.7247596153846154 0.20673076923076922 0.06971153846153846
4 0.7355769230769231 0.8521634615384616 0.25841346153846156 0.13341346153846154
4 0.7992788461538461 0.9615384615384616 0.34975961538461536 0.04326923076923077
4 0.11899038461538461 0.11538461538461539 0.171875 0.05889423076923077
4 0.18990384615384615 0.18870192307692307 0.13701923076923078 0.03125
4 0.24158653846153846 0.25240384615384615 0.1875 0.06129807692307692
4 0.32091346153846156 0.34375 0.17067307692307693 0.06370192307692307
4 0.33533653846153844 0.4074519230769231 0.12740384615384615 0.04326923076923077