1 0.16466346153846154 0.11658653846153846 0.040865384615384616 0.046875
1 0.1502403846153846 0.2848557692307692 0.01201923076923077 0.021634615384615384
1 0.7379807692307693 0.30528846153846156 0.02403846153846154 0.042067307692307696
1 0.20793269230769232 0.33052884615384615 0.018028846153846152 0.014423076923076924
1 0.9098557692307693 0.3389423076923077 0.03125 0.042067307692307696
1 0.234375 0.3425480769230769 0.018028846153846152 0.013221153846153846
1 0.7199519230769231 0.3485576923076923 0.020432692307692308 0.019230769230769232
1 0.10576923076923077 0.3545673076923077 0.028846153846153848 0.018028846153846152
2 0.47115384615384615 0.359375 0.01201923076923077 0.019230769230769232
1 0.7079326923076923 0.3762019230769231 0.02283653846153846 0.021634615384615384
1 0.12139423076923077 0.3798076923076923 0.02283653846153846 0.016826923076923076
2 0.4519230769230769 0.3858173076923077 0.015625 0.016826923076923076
1 0.9086538461538461 0.3858173076923077 0.05889423076923077 0.04326923076923077
2 0.4387019230769231 0.4074519230769231 0.013221153846153846 0.02283653846153846
1 0.16466346153846154 0.4110576923076923 0.03125 0.020432692307692308
1 0.6947115384615384 0.4110576923076923 0.025240384615384616 0.03125
1 0.18509615384615385 0.43028846153846156 0.02403846153846154 0.01201923076923077
1 0.8137019230769231 0.43028846153846156 0.03365384615384615 0.036057692307692304
2 0.43149038461538464 0.4338942307692308 0.021634615384615384 0.016826923076923076
1 0.8978365384615384 0.43990384615384615 0.0625 0.04927884615384615
1 0.03245192307692308 0.4411057692307692 0.03125 0.04807692307692308
1 0.6862980769230769 0.44591346153846156 0.026442307692307692 0.028846153846153848
1 0.20673076923076922 0.45072115384615385 0.018028846153846152 0.018028846153846152
2 0.41947115384615385 0.4567307692307692 0.021634615384615384 0.019230769230769232
2 0.4074519230769231 0.47836538461538464 0.020432692307692308 0.014423076923076924
1 0.7932692307692307 0.4831730769230769 0.030048076923076924 0.04567307692307692
1 0.2920673076923077 0.48677884615384615 0.016826923076923076 0.028846153846153848
2 0.3942307692307692 0.4987980769230769 0.020432692307692308 0.018028846153846152
1 0.890625 0.5012019230769231 0.06490384615384616 0.05048076923076923
1 0.125 0.5048076923076923 0.014423076923076924 0.027644230769230768
1 0.18389423076923078 0.5120192307692307 0.013221153846153846 0.040865384615384616
1 0.26802884615384615 0.5168269230769231 0.026442307692307692 0.020432692307692308
2 0.3894230769230769 0.5204326923076923 0.021634615384615384 0.018028846153846152
1 0.5264423076923077 0.5264423076923077 0.014423076923076924 0.036057692307692304
1 0.9519230769230769 0.5300480769230769 0.014423076923076924 0.040865384615384616
1 0.11177884615384616 0.5372596153846154 0.026442307692307692 0.014423076923076924
1 0.4639423076923077 0.5372596153846154 0.016826923076923076 0.03365384615384615
1 0.7680288461538461 0.5408653846153846 0.03125 0.04567307692307692
1 0.2512019230769231 0.5408653846153846 0.026442307692307692 0.014423076923076924
2 0.3786057692307692 0.5444711538461539 0.01201923076923077 0.019230769230769232
1 0.6334134615384616 0.5540865384615384 0.014423076923076924 0.027644230769230768
1 0.19230769230769232 0.5540865384615384 0.013221153846153846 0.025240384615384616
1 0.4074519230769231 0.5576923076923077 0.013221153846153846 0.030048076923076924
1 0.055288461538461536 0.5588942307692307 0.030048076923076924 0.037259615384615384
1 0.09975961538461539 0.5612980769230769 0.019230769230769232 0.020432692307692308
1 0.8725961538461539 0.5637019230769231 0.05889423076923077 0.052884615384615384
1 0.23197115384615385 0.5661057692307693 0.021634615384615384 0.009615384615384616
1 0.5228365384615384 0.5685096153846154 0.019230769230769232 0.03245192307692308
1 0.45552884615384615 0.5709134615384616 0.02283653846153846 0.026442307692307692
1 0.9350961538461539 0.5745192307692307 0.013221153846153846 0.03125
1 0.7067307692307693 0.5805288461538461 0.006009615384615385 0.006009615384615385
1 0.6225961538461539 0.5841346153846154 0.019230769230769232 0.020432692307692308
1 0.7391826923076923 0.5877403846153846 0.039663461538461536 0.025240384615384616
1 0.8100961538461539 0.5901442307692307 0.019230769230769232 0.014423076923076924
1 0.0889423076923077 0.5925480769230769 0.015625 0.030048076923076924
1 0.39663461538461536 0.5973557692307693 0.009615384615384616 0.028846153846153848
1 0.026442307692307692 0.6081730769230769 0.021634615384615384 0.030048076923076924
1 0.4495192307692308 0.609375 0.021634615384615384 0.03245192307692308
1 0.6177884615384616 0.609375 0.021634615384615384 0.025240384615384616
1 0.3161057692307692 0.6105769230769231 0.026442307692307692 0.020432692307692308
1 0.5132211538461539 0.6141826923076923 0.02283653846153846 0.027644230769230768
1 0.9230769230769231 0.6201923076923077 0.014423076923076924 0.03365384615384615
1 0.7788461538461539 0.6225961538461539 0.027644230769230768 0.021634615384615384
1 0.078125 0.6298076923076923 0.02403846153846154 0.027644230769230768
1 0.27403846153846156 0.6334134615384616 0.020432692307692308 0.026442307692307692
1 0.30408653846153844 0.6382211538461539 0.02403846153846154 0.020432692307692308
1 0.23076923076923078 0.6394230769230769 0.02403846153846154 0.030048076923076924
1 0.6045673076923077 0.640625 0.020432692307692308 0.037259615384615384
1 0.4375 0.6466346153846154 0.021634615384615384 0.019230769230769232
1 0.7475961538461539 0.6490384615384616 0.03365384615384615 0.014423076923076924
1 0.49759615384615385 0.65625 0.028846153846153848 0.025240384615384616
1 0.8473557692307693 0.6634615384615384 0.016826923076923076 0.03125
1 0.07572115384615384 0.6682692307692307 0.021634615384615384 0.028846153846153848
1 0.23557692307692307 0.6730769230769231 0.03125 0.025240384615384616
1 0.3004807692307692 0.6790865384615384 0.021634615384615384 0.054086538461538464
1 0.5925480769230769 0.6826923076923077 0.015625 0.036057692307692304
1 0.20072115384615385 0.6995192307692307 0.03245192307692308 0.02403846153846154
1 0.8413461538461539 0.7055288461538461 0.015625 0.03125
1 0.06971153846153846 0.7067307692307693 0.021634615384615384 0.025240384615384616