2 0.5408653846153846 0.5120192307692307 0.2692307692307692 0.03125
2 0.5012019230769231 0.5516826923076923 0.3317307692307692 0.021634615384615384
2 0.6995192307692307 0.05889423076923077 0.07572115384615384 0.025240384615384616
2 0.4879807692307692 0.5829326923076923 0.32211538461538464 0.028846153846153848
2 0.5072115384615384 0.6177884615384616 0.3545673076923077 0.030048076923076924
2 0.5012019230769231 0.6478365384615384 0.265625 0.028846153846153848
2 0.4699519230769231 0.671875 0.3449519230769231 0.026442307692307692
2 0.4651442307692308 0.7067307692307693 0.3401442307692308 0.03485576923076923
2 0.45552884615384615 0.7391826923076923 0.33533653846153844 0.019230769230769232
2 0.6670673076923077 0.75 0.039663461538461536 0.01201923076923077
2 0.4543269230769231 0.7740384615384616 0.32211538461538464 0.039663461538461536
2 0.4423076923076923 0.8137019230769231 0.3425480769230769 0.03485576923076923
2 0.6730769230769231 0.08413461538461539 0.08774038461538461 0.021634615384615384
2 0.4338942307692308 0.8545673076923077 0.33052884615384615 0.037259615384615384
2 0.65625 0.10697115384615384 0.0625 0.018028846153846152
2 0.5757211538461539 0.16466346153846154 0.0733173076923077 0.013221153846153846
2 0.5432692307692307 0.18389423076923078 0.054086538461538464 0.013221153846153846
2 0.5372596153846154 0.22596153846153846 0.051682692307692304 0.025240384615384616
2 0.5048076923076923 0.28966346153846156 0.02403846153846154 0.016826923076923076
2 0.4375 0.30528846153846156 0.06610576923076923 0.009615384615384616
2 0.4326923076923077 0.33413461538461536 0.07211538461538461 0.042067307692307696
2 0.6694711538461539 0.33533653846153844 0.10096153846153846 0.020432692307692308
2 0.65625 0.3605769230769231 0.13701923076923078 0.021634615384615384
2 0.6274038461538461 0.38461538461538464 0.0829326923076923 0.021634615384615384
2 0.7055288461538461 0.3942307692307692 0.054086538461538464 0.036057692307692304
2 0.6394230769230769 0.42908653846153844 0.14423076923076922 0.02283653846153846
2 0.5 0.43028846153846156 0.10096153846153846 0.025240384615384616
2 0.5516826923076923 0.45913461538461536 0.1778846153846154 0.02283653846153846
2 0.5504807692307693 0.4807692307692308 0.32091346153846156 0.019230769230769232