2 0.2091346153846154 0.19471153846153846 0.15625 0.08173076923076923
2 0.2920673076923077 0.28365384615384615 0.16105769230769232 0.06850961538461539
2 0.3473557692307692 0.36658653846153844 0.19110576923076922 0.07692307692307693
2 0.4050480769230769 0.44471153846153844 0.16105769230769232 0.04567307692307692
2 0.44350961538461536 0.5060096153846154 0.12740384615384615 0.06370192307692307
2 0.5036057692307693 0.5865384615384616 0.08653846153846154 0.06490384615384616
2 0.7007211538461539 0.6502403846153846 0.08653846153846154 0.0625
2 0.7355769230769231 0.7439903846153846 0.13341346153846154 0.08173076923076923
2 0.7740384615384616 0.8317307692307693 0.17668269230769232 0.06009615384615385
2 0.140625 0.08774038461538461 0.14182692307692307 0.1045673076923077
2 0.9146634615384616 0.9146634615384616 0.10697115384615384 0.0889423076923077