2 0.5733173076923077 0.25600961538461536 0.3293269230769231 0.0673076923076923
2 0.5192307692307693 0.028846153846153848 0.2932692307692308 0.040865384615384616
2 0.6370192307692307 0.32211538461538464 0.1814903846153846 0.03485576923076923
2 0.5841346153846154 0.36899038461538464 0.31490384615384615 0.08413461538461539
2 0.5637019230769231 0.4519230769230769 0.40024038461538464 0.042067307692307696
2 0.5456730769230769 0.49399038461538464 0.27524038461538464 0.021634615384615384
2 0.4891826923076923 0.5420673076923077 0.4338942307692308 0.06971153846153846
2 0.43149038461538464 0.6346153846153846 0.6117788461538461 0.0889423076923077
2 0.2127403846153846 0.7175480769230769 0.21033653846153846 0.05048076923076923
2 0.7139423076923077 0.7800480769230769 0.17307692307692307 0.06610576923076923
2 0.3557692307692308 0.7872596153846154 0.1141826923076923 0.056490384615384616
2 0.13341346153846154 0.828125 0.2091346153846154 0.10576923076923077
2 0.5637019230769231 0.08413461538461539 0.21754807692307693 0.051682692307692304
2 0.15504807692307693 0.9314903846153846 0.25961538461538464 0.08052884615384616
2 0.5480769230769231 0.16105769230769232 0.31490384615384615 0.0625