2 0.2848557692307692 0.3701923076923077 0.0985576923076923 0.09495192307692307
2 0.44350961538461536 0.4567307692307692 0.17548076923076922 0.09615384615384616
2 0.24759615384615385 0.5072115384615384 0.1502403846153846 0.16346153846153846
2 0.43149038461538464 0.5709134615384616 0.1502403846153846 0.08173076923076923
2 0.22355769230769232 0.6490384615384616 0.17668269230769232 0.09375
2 0.4014423076923077 0.671875 0.05889423076923077 0.036057692307692304
2 0.3557692307692308 0.7247596153846154 0.11538461538461539 0.055288461538461536
2 0.17668269230769232 0.7668269230769231 0.15504807692307693 0.10336538461538461
2 0.2247596153846154 0.875 0.09495192307692307 0.0733173076923077
2 0.45913461538461536 0.20552884615384615 0.12259615384615384 0.08173076923076923
2 0.2980769230769231 0.2548076923076923 0.09495192307692307 0.0985576923076923
2 0.4387019230769231 0.3076923076923077 0.11298076923076923 0.10096153846153846