0 0.09975961538461539 0.21514423076923078 0.15504807692307693 0.1310096153846154
0 0.21394230769230768 0.3581730769230769 0.37259615384615385 0.1346153846153846
0 0.3401442307692308 0.5456730769230769 0.47115384615384615 0.21875
0 0.6658653846153846 0.609375 0.11298076923076923 0.09615384615384616
0 0.1658653846153846 0.6802884615384616 0.0673076923076923 0.037259615384615384
0 0.5120192307692307 0.7115384615384616 0.5889423076923077 0.08173076923076923
0 0.8677884615384616 0.7319711538461539 0.07091346153846154 0.057692307692307696
0 0.3329326923076923 0.796875 0.15985576923076922 0.07211538461538461
0 0.6370192307692307 0.84375 0.41346153846153844 0.15865384615384615
0 0.3629807692307692 0.8533653846153846 0.11778846153846154 0.025240384615384616
0 0.0673076923076923 0.08774038461538461 0.09134615384615384 0.10336538461538461
0 0.9242788461538461 0.8774038461538461 0.1201923076923077 0.18629807692307693
0 0.38221153846153844 0.8894230769230769 0.06971153846153846 0.028846153846153848
0 0.6935096153846154 0.953125 0.2920673076923077 0.037259615384615384