3 0.8473557692307693 0.15504807692307693 0.04447115384615385 0.046875
3 0.7872596153846154 0.18028846153846154 0.04927884615384615 0.0673076923076923
3 0.7475961538461539 0.020432692307692308 0.0829326923076923 0.039663461538461536
3 0.9014423076923077 0.19951923076923078 0.03365384615384615 0.04567307692307692
3 0.9158653846153846 0.025240384615384616 0.07692307692307693 0.05048076923076923
3 0.7560096153846154 0.25721153846153844 0.05889423076923077 0.039663461538461536
3 0.5168269230769231 0.3004807692307692 0.04807692307692308 0.0625
3 0.7163461538461539 0.30649038461538464 0.03125 0.042067307692307696
3 0.46274038461538464 0.3701923076923077 0.016826923076923076 0.036057692307692304
3 0.20192307692307693 0.5180288461538461 0.027644230769230768 0.04326923076923077
3 0.5144230769230769 0.6346153846153846 0.07211538461538461 0.04447115384615385
3 0.6766826923076923 0.0673076923076923 0.03125 0.04567307692307692
3 0.8858173076923077 0.6838942307692307 0.057692307692307696 0.055288461538461536
3 0.4795673076923077 0.6923076923076923 0.0625 0.028846153846153848
3 0.0889423076923077 0.7103365384615384 0.055288461538461536 0.037259615384615384
3 0.36778846153846156 0.7127403846153846 0.04807692307692308 0.06610576923076923
3 0.43149038461538464 0.7307692307692307 0.03125 0.028846153846153848
3 0.8581730769230769 0.07692307692307693 0.057692307692307696 0.07211538461538461
3 0.9471153846153846 0.7596153846153846 0.06009615384615385 0.05889423076923077
3 0.06009615384615385 0.765625 0.036057692307692304 0.04927884615384615
3 0.31850961538461536 0.7716346153846154 0.04807692307692308 0.05889423076923077
3 0.25721153846153844 0.7944711538461539 0.046875 0.025240384615384616
3 0.8725961538461539 0.8112980769230769 0.07572115384615384 0.055288461538461536
3 0.1814903846153846 0.8269230769230769 0.04447115384615385 0.020432692307692308
3 0.7836538461538461 0.8425480769230769 0.07451923076923077 0.042067307692307696
3 0.6262019230769231 0.8449519230769231 0.078125 0.054086538461538464
3 0.25841346153846156 0.8545673076923077 0.04927884615384615 0.04326923076923077
3 0.7163461538461539 0.8846153846153846 0.04567307692307692 0.025240384615384616
3 0.16947115384615385 0.8894230769230769 0.042067307692307696 0.06610576923076923
3 0.11899038461538461 0.9206730769230769 0.04927884615384615 0.0733173076923077
3 0.6598557692307693 0.9278846153846154 0.055288461538461536 0.042067307692307696
3 0.5697115384615384 0.9783653846153846 0.055288461538461536 0.03125