1 0.7163461538461539 0.24639423076923078 0.3918269230769231 0.18509615384615385
1 0.12379807692307693 0.25 0.21394230769230768 0.1201923076923077
1 0.3701923076923077 0.265625 0.171875 0.140625
1 0.45072115384615385 0.45913461538461536 0.5757211538461539 0.22115384615384615
1 0.06009615384615385 0.5084134615384616 0.0985576923076923 0.11778846153846154
1 0.19831730769230768 0.054086538461538464 0.3137019230769231 0.08533653846153846
1 0.22235576923076922 0.6742788461538461 0.44471153846153844 0.17067307692307693
1 0.7908653846153846 0.07451923076923077 0.41346153846153844 0.14423076923076922
1 0.17427884615384615 0.7896634615384616 0.28966346153846156 0.038461538461538464
1 0.11538461538461539 0.8605769230769231 0.1971153846153846 0.07091346153846154
1 0.4735576923076923 0.11658653846153846 0.1310096153846154 0.04807692307692308