2 0.20432692307692307 0.2824519230769231 0.02283653846153846 0.06610576923076923
2 0.25600961538461536 0.3245192307692308 0.028846153846153848 0.10817307692307693
2 0.43149038461538464 0.34375 0.038461538461538464 0.08173076923076923
2 0.5853365384615384 0.34975961538461536 0.028846153846153848 0.0829326923076923
2 0.15144230769230768 0.3581730769230769 0.06129807692307692 0.16826923076923078
2 0.3425480769230769 0.36778846153846156 0.056490384615384616 0.18389423076923078
2 0.5576923076923077 0.36778846153846156 0.016826923076923076 0.056490384615384616
2 0.5048076923076923 0.36899038461538464 0.054086538461538464 0.14903846153846154
2 0.38341346153846156 0.37740384615384615 0.015625 0.20793269230769232
2 0.6165865384615384 0.38461538461538464 0.016826923076923076 0.09615384615384616
2 0.23677884615384615 0.4495192307692308 0.025240384615384616 0.06370192307692307
2 0.3004807692307692 0.49158653846153844 0.016826923076923076 0.09014423076923077
2 0.27163461538461536 0.5024038461538461 0.02403846153846154 0.08653846153846154
2 0.4651442307692308 0.5540865384615384 0.016826923076923076 0.13341346153846154
2 0.6514423076923077 0.6334134615384616 0.03485576923076923 0.11658653846153846
2 0.6814903846153846 0.6658653846153846 0.015625 0.10336538461538461
2 0.6610576923076923 0.7391826923076923 0.014423076923076924 0.051682692307692304